3431.92743 24.53115 3407.39628 3456.45858
3474.74649 24.53115 3450.21534 3499.27764
3487.92159 24.53115 3463.39043 3512.45274
3576.85348 197.62643 3379.22705 3774.47991
3721.77953 197.62643 3524.15310 3919.40596
3863.41180 197.62643 3665.78537 4061.03823
6798.16427 197.62643 6600.53784 6995.79069
6821.22068 197.62643 6623.59425 7018.84711
6877.21484 197.62643 6679.58841 7074.84127
6910.15257 197.62643 6712.52615 7107.77900
6959.55918 197.62643 6761.93275 7157.18561
7443.74393 197.62643 7246.11750 7641.37036
7611.72640 197.62643 7414.09997 7809.35282
8777.72233 197.62643 8580.09590 8975.34875
8837.01025 197.62643 8639.38383 9034.63668
9041.22423 197.62643 8843.59780 9238.85066
9103.80593 197.62643 8906.17950 9301.43236
9153.21254 197.62643 8955.58611 9350.83897
9179.56273 197.62643 8981.93630 9377.18916
9225.67556 197.62643 9028.04913 9423.30199
9324.48878 197.62643 9126.86235 9522.11521
9347.54519 182.75075 9164.79444 9530.29595
9479.29615 101.93775 9377.35840 9581.23390
9505.64634 128.28794 9377.35840 9633.93428
9518.82143 141.46304 9377.35840 9660.28447
9551.75917 157.93191 9393.82727 9709.69108
9571.52181 157.93191 9413.58991 9729.45372
9614.34087 118.57586 9495.76502 9732.91673
