3288.50000 188.50000 3100.00000 3477.00000
3293.00000 193.00000 3100.00000 3486.00000
3299.00000 199.00000 3100.00000 3498.00000
3314.00000 200.00000 3114.00000 3514.00000
3323.50000 200.00000 3123.50000 3523.50000
3336.00000 200.00000 3136.00000 3536.00000
3370.50000 200.00000 3170.50000 3570.50000
3396.50000 200.00000 3196.50000 3596.50000
3407.50000 200.00000 3207.50000 3607.50000
3418.50000 200.00000 3218.50000 3618.50000
3438.50000 200.00000 3238.50000 3638.50000
3473.00000 200.00000 3273.00000 3673.00000
3478.00000 200.00000 3278.00000 3678.00000
3488.00000 200.00000 3288.00000 3688.00000
3500.00000 200.00000 3300.00000 3700.00000
3523.50000 200.00000 3323.50000 3723.50000
3531.00000 200.00000 3331.00000 3731.00000
3544.50000 200.00000 3344.50000 3744.50000
3550.00000 200.00000 3350.00000 3750.00000
3557.50000 200.00000 3357.50000 3757.50000
3609.00000 200.00000 3409.00000 3809.00000
3615.00000 200.00000 3415.00000 3815.00000
3621.50000 200.00000 3421.50000 3821.50000
3629.50000 200.00000 3429.50000 3829.50000
3636.50000 200.00000 3436.50000 3836.50000
3643.00000 200.00000 3443.00000 3843.00000
3651.00000 200.00000 3451.00000 3851.00000
3659.00000 200.00000 3459.00000 3859.00000
3662.50000 200.00000 3462.50000 3862.50000
3667.50000 200.00000 3467.50000 3867.50000
3675.00000 200.00000 3475.00000 3875.00000
3686.50000 200.00000 3486.50000 3886.50000
3724.00000 200.00000 3524.00000 3924.00000
3736.50000 200.00000 3536.50000 3936.50000
3741.00000 200.00000 3541.00000 3941.00000
3750.50000 200.00000 3550.50000 3950.50000
3775.00000 200.00000 3575.00000 3975.00000
3793.50000 200.00000 3593.50000 3993.50000
3798.00000 200.00000 3598.00000 3998.00000
3807.50000 200.00000 3607.50000 4007.50000
3862.00000 200.00000 3662.00000 4062.00000
3878.00000 200.00000 3678.00000 4078.00000
3942.50000 200.00000 3742.50000 4142.50000
3959.00000 200.00000 3759.00000 4159.00000
3963.50000 200.00000 3763.50000 4163.50000
3974.00000 200.00000 3774.00000 4174.00000
3989.50000 200.00000 3789.50000 4189.50000
3998.50000 200.00000 3798.50000 4198.50000
4007.50000 200.00000 3807.50000 4207.50000
4034.00000 200.00000 3834.00000 4234.00000
4039.50000 200.00000 3839.50000 4239.50000
4046.50000 200.00000 3846.50000 4246.50000
4056.50000 200.00000 3856.50000 4256.50000
4068.00000 200.00000 3868.00000 4268.00000
4080.50000 200.00000 3880.50000 4280.50000
4084.50000 200.00000 3884.50000 4284.50000
4093.00000 200.00000 3893.00000 4293.00000
4099.50000 200.00000 3899.50000 4299.50000
4118.50000 200.00000 3918.50000 4318.50000
4123.00000 200.00000 3923.00000 4323.00000
4129.50000 200.00000 3929.50000 4329.50000
4138.00000 200.00000 3938.00000 4338.00000
4150.50000 200.00000 3950.50000 4350.50000
4158.00000 200.00000 3958.00000 4358.00000
4173.00000 200.00000 3973.00000 4373.00000
4177.00000 200.00000 3977.00000 4377.00000
4183.50000 200.00000 3983.50000 4383.50000
4193.00000 200.00000 3993.00000 4393.00000
4205.00000 200.00000 4005.00000 4405.00000
4213.50000 200.00000 4013.50000 4413.50000
4219.50000 200.00000 4019.50000 4419.50000
4237.00000 200.00000 4037.00000 4437.00000
4251.00000 200.00000 4051.00000 4451.00000
4267.00000 200.00000 4067.00000 4467.00000
4277.50000 200.00000 4077.50000 4477.50000
4289.50000 200.00000 4089.50000 4489.50000
4301.00000 200.00000 4101.00000 4501.00000
4314.50000 200.00000 4114.50000 4514.50000
4321.00000 200.00000 4121.00000 4521.00000
4327.00000 200.00000 4127.00000 4527.00000
4332.00000 200.00000 4132.00000 4532.00000
4340.50000 200.00000 4140.50000 4540.50000
4356.00000 200.00000 4156.00000 4556.00000
4373.50000 200.00000 4173.50000 4573.50000
4380.50000 200.00000 4180.50000 4580.50000
4398.00000 200.00000 4198.00000 4598.00000
4403.50000 200.00000 4203.50000 4603.50000
4411.00000 200.00000 4211.00000 4611.00000
4419.50000 200.00000 4219.50000 4619.50000
4497.00000 200.00000 4297.00000 4697.00000
4527.50000 200.00000 4327.50000 4727.50000
4532.50000 200.00000 4332.50000 4732.50000
4541.50000 200.00000 4341.50000 4741.50000
4550.50000 200.00000 4350.50000 4750.50000
4559.50000 200.00000 4359.50000 4759.50000
4566.00000 200.00000 4366.00000 4766.00000
4571.00000 200.00000 4371.00000 4771.00000
4585.00000 200.00000 4385.00000 4785.00000
4591.50000 200.00000 4391.50000 4791.50000
4601.00000 200.00000 4401.00000 4801.00000
4610.00000 200.00000 4410.00000 4810.00000
4663.50000 200.00000 4463.50000 4863.50000
4700.50000 200.00000 4500.50000 4900.50000
4714.50000 200.00000 4514.50000 4914.50000
4718.50000 200.00000 4518.50000 4918.50000
4758.50000 200.00000 4558.50000 4958.50000
4765.00000 200.00000 4565.00000 4965.00000
4770.50000 200.00000 4570.50000 4970.50000
4789.00000 200.00000 4589.00000 4989.00000
4799.50000 200.00000 4599.50000 4999.50000
4806.50000 200.00000 4606.50000 5006.50000
4810.50000 200.00000 4610.50000 5010.50000
4822.00000 200.00000 4622.00000 5022.00000
4836.00000 200.00000 4636.00000 5036.00000
4843.00000 200.00000 4643.00000 5043.00000
4866.50000 200.00000 4666.50000 5066.50000
4888.50000 200.00000 4688.50000 5088.50000
4902.50000 200.00000 4702.50000 5102.50000
4933.00000 200.00000 4733.00000 5133.00000
5036.50000 200.00000 4836.50000 5236.50000
5068.00000 200.00000 4868.00000 5268.00000
5106.00000 200.00000 4906.00000 5306.00000
5138.50000 200.00000 4938.50000 5338.50000
5187.50000 200.00000 4987.50000 5387.50000
5225.00000 200.00000 5025.00000 5425.00000
5255.50000 200.00000 5055.50000 5455.50000
5281.00000 200.00000 5081.00000 5481.00000
5292.50000 200.00000 5092.50000 5492.50000
5312.00000 200.00000 5112.00000 5512.00000
5330.00000 200.00000 5130.00000 5530.00000
5345.00000 200.00000 5145.00000 5545.00000
5353.00000 200.00000 5153.00000 5553.00000
5365.00000 200.00000 5165.00000 5565.00000
5391.00000 200.00000 5191.00000 5591.00000
5402.50000 200.00000 5202.50000 5602.50000
5430.50000 200.00000 5230.50000 5630.50000
6017.50000 200.00000 5817.50000 6217.50000
6029.00000 200.00000 5829.00000 6229.00000
6038.50000 200.00000 5838.50000 6238.50000
6048.50000 200.00000 5848.50000 6248.50000
6051.50000 200.00000 5851.50000 6251.50000
6055.50000 200.00000 5855.50000 6255.50000
6066.50000 200.00000 5866.50000 6266.50000
6079.50000 200.00000 5879.50000 6279.50000
6086.50000 200.00000 5886.50000 6286.50000
6111.50000 200.00000 5911.50000 6311.50000
6126.50000 200.00000 5926.50000 6326.50000
6135.00000 200.00000 5935.00000 6335.00000
6143.50000 200.00000 5943.50000 6343.50000
6164.50000 200.00000 5964.50000 6364.50000
6783.50000 11.95205 6771.54795 6795.45205
6799.00000 11.95205 6787.04795 6810.95205
6820.50000 11.95205 6808.54795 6832.45205
6958.50000 200.00000 6758.50000 7158.50000
6973.00000 200.00000 6773.00000 7173.00000
6991.00000 200.00000 6791.00000 7191.00000
7025.00000 200.00000 6825.00000 7225.00000
7319.00000 200.00000 7119.00000 7519.00000
7327.00000 200.00000 7127.00000 7527.00000
7337.00000 200.00000 7137.00000 7537.00000
7350.50000 200.00000 7150.50000 7550.50000
7372.50000 200.00000 7172.50000 7572.50000
7382.00000 200.00000 7182.00000 7582.00000
7389.50000 200.00000 7189.50000 7589.50000
7396.50000 200.00000 7196.50000 7596.50000
7405.00000 200.00000 7205.00000 7605.00000
7414.00000 200.00000 7214.00000 7614.00000
7433.00000 200.00000 7233.00000 7633.00000
7442.50000 200.00000 7242.50000 7642.50000
7459.50000 200.00000 7259.50000 7659.50000
7473.50000 200.00000 7273.50000 7673.50000
7499.00000 195.22962 7303.77038 7694.22962
7505.50000 188.72962 7316.77038 7694.22962
7515.00000 179.22962 7335.77038 7694.22962
7521.00000 173.22962 7347.77038 7694.22962
7526.50000 167.72962 7358.77038 7694.22962
7534.50000 159.72962 7374.77038 7694.22962
7546.50000 147.72962 7398.77038 7694.22962
7558.00000 136.22962 7421.77038 7694.22962
7566.50000 127.72962 7438.77038 7694.22962
7574.00000 120.22962 7453.77038 7694.22962
7748.00000 200.00000 7548.00000 7948.00000
7828.00000 200.00000 7628.00000 8028.00000
7864.50000 200.00000 7664.50000 8064.50000
7899.50000 200.00000 7699.50000 8099.50000
7911.00000 200.00000 7711.00000 8111.00000
7952.50000 200.00000 7752.50000 8152.50000
7972.50000 200.00000 7772.50000 8172.50000
7983.00000 200.00000 7783.00000 8183.00000
7992.50000 200.00000 7792.50000 8192.50000
8018.00000 200.00000 7818.00000 8218.00000
8032.00000 200.00000 7832.00000 8232.00000
8035.50000 200.00000 7835.50000 8235.50000
8042.00000 200.00000 7842.00000 8242.00000
8057.50000 200.00000 7857.50000 8257.50000
8070.50000 200.00000 7870.50000 8270.50000
8078.50000 200.00000 7878.50000 8278.50000
8091.50000 200.00000 7891.50000 8291.50000
8099.50000 200.00000 7899.50000 8299.50000
8107.50000 200.00000 7907.50000 8307.50000
8119.50000 200.00000 7919.50000 8319.50000
8124.50000 200.00000 7924.50000 8324.50000
8128.50000 200.00000 7928.50000 8328.50000
8135.50000 200.00000 7935.50000 8335.50000
8201.50000 200.00000 8001.50000 8401.50000
8249.00000 200.00000 8049.00000 8449.00000
8319.50000 200.00000 8119.50000 8519.50000
8329.50000 200.00000 8129.50000 8529.50000
8334.00000 200.00000 8134.00000 8534.00000
8349.00000 200.00000 8149.00000 8549.00000
8360.00000 200.00000 8160.00000 8560.00000
8366.00000 200.00000 8166.00000 8566.00000
8380.50000 200.00000 8180.50000 8580.50000
8388.50000 200.00000 8188.50000 8588.50000
8394.00000 200.00000 8194.00000 8594.00000
8410.50000 200.00000 8210.50000 8610.50000
8412.50000 200.00000 8212.50000 8612.50000
8420.50000 200.00000 8220.50000 8620.50000
8439.00000 200.00000 8239.00000 8639.00000
8447.50000 200.00000 8247.50000 8647.50000
8452.50000 200.00000 8252.50000 8652.50000
8470.50000 200.00000 8270.50000 8670.50000
8475.50000 200.00000 8275.50000 8675.50000
8484.50000 200.00000 8284.50000 8684.50000
8495.00000 200.00000 8295.00000 8695.00000
8510.50000 200.00000 8310.50000 8710.50000
8519.50000 200.00000 8319.50000 8719.50000
8526.00000 200.00000 8326.00000 8726.00000
8533.00000 200.00000 8333.00000 8733.00000
8542.50000 200.00000 8342.50000 8742.50000
8555.50000 200.00000 8355.50000 8755.50000
8562.00000 200.00000 8362.00000 8762.00000
8569.00000 200.00000 8369.00000 8769.00000
8581.50000 200.00000 8381.50000 8781.50000
8588.50000 200.00000 8388.50000 8788.50000
8598.00000 200.00000 8398.00000 8798.00000
8606.00000 200.00000 8406.00000 8806.00000
8613.50000 200.00000 8413.50000 8813.50000
8621.50000 200.00000 8421.50000 8821.50000
8634.50000 200.00000 8434.50000 8834.50000
8654.00000 200.00000 8454.00000 8854.00000
8667.50000 200.00000 8467.50000 8867.50000
8679.50000 200.00000 8479.50000 8879.50000
8689.50000 200.00000 8489.50000 8889.50000
8698.50000 200.00000 8498.50000 8898.50000
8703.00000 200.00000 8503.00000 8903.00000
8714.50000 200.00000 8514.50000 8914.50000
8720.00000 200.00000 8520.00000 8920.00000
8730.50000 200.00000 8530.50000 8930.50000
8739.50000 200.00000 8539.50000 8939.50000
8753.50000 200.00000 8553.50000 8953.50000
8761.50000 200.00000 8561.50000 8961.50000
8774.00000 200.00000 8574.00000 8974.00000
8784.00000 200.00000 8584.00000 8984.00000
8796.50000 200.00000 8596.50000 8996.50000
8803.50000 200.00000 8603.50000 9003.50000
8809.50000 200.00000 8609.50000 9009.50000
8816.00000 200.00000 8616.00000 9016.00000
8822.50000 200.00000 8622.50000 9022.50000
8827.50000 200.00000 8627.50000 9027.50000
8831.50000 200.00000 8631.50000 9031.50000
8841.50000 200.00000 8641.50000 9041.50000
8855.00000 200.00000 8655.00000 9055.00000
8858.50000 200.00000 8658.50000 9058.50000
8871.50000 200.00000 8671.50000 9071.50000
8882.50000 200.00000 8682.50000 9082.50000
8898.50000 200.00000 8698.50000 9098.50000
8903.00000 200.00000 8703.00000 9103.00000
8910.00000 200.00000 8710.00000 9110.00000
8917.00000 200.00000 8717.00000 9117.00000
8926.00000 200.00000 8726.00000 9126.00000
8936.00000 200.00000 8736.00000 9136.00000
8947.00000 200.00000 8747.00000 9147.00000
8957.00000 200.00000 8757.00000 9157.00000
8962.50000 200.00000 8762.50000 9162.50000
8969.50000 200.00000 8769.50000 9169.50000
8982.50000 200.00000 8782.50000 9182.50000
8995.00000 200.00000 8795.00000 9195.00000
9005.50000 200.00000 8805.50000 9205.50000
9011.00000 200.00000 8811.00000 9211.00000
9021.00000 200.00000 8821.00000 9221.00000
9035.00000 200.00000 8835.00000 9235.00000
9045.50000 200.00000 8845.50000 9245.50000
9053.00000 200.00000 8853.00000 9253.00000
9063.00000 200.00000 8863.00000 9263.00000
9067.00000 200.00000 8867.00000 9267.00000
9074.00000 200.00000 8874.00000 9274.00000
9092.50000 200.00000 8892.50000 9292.50000
9109.00000 200.00000 8909.00000 9309.00000
9116.00000 200.00000 8916.00000 9316.00000
9124.00000 200.00000 8924.00000 9324.00000
9140.50000 200.00000 8940.50000 9340.50000
9144.50000 200.00000 8944.50000 9344.50000
9161.00000 200.00000 8961.00000 9361.00000
9167.00000 200.00000 8967.00000 9367.00000
9181.00000 200.00000 8981.00000 9381.00000
9189.00000 200.00000 8989.00000 9389.00000
9195.00000 200.00000 8995.00000 9395.00000
9200.50000 200.00000 9000.50000 9400.50000
9210.50000 200.00000 9010.50000 9410.50000
9219.50000 200.00000 9019.50000 9419.50000
9227.00000 200.00000 9027.00000 9427.00000
9237.50000 200.00000 9037.50000 9437.50000
9243.00000 200.00000 9043.00000 9443.00000
9253.00000 200.00000 9053.00000 9453.00000
9268.50000 200.00000 9068.50000 9468.50000
9273.50000 200.00000 9073.50000 9473.50000
9278.00000 198.37885 9079.62115 9476.37885
9285.50000 190.87885 9094.62115 9476.37885
9292.00000 184.37885 9107.62115 9476.37885
9396.00000 118.51771 9277.48229 9514.51771
9510.50000 200.00000 9310.50000 9710.50000
9678.00000 200.00000 9478.00000 9878.00000
9719.00000 200.00000 9519.00000 9919.00000
9731.00000 200.00000 9531.00000 9931.00000
9786.00000 90.19934 9695.80066 9876.19934
9800.00000 104.19934 9695.80066 9904.19934
9805.00000 109.19934 9695.80066 9914.19934
9814.00000 118.19934 9695.80066 9932.19934
9819.00000 123.19934 9695.80066 9942.19934
9827.00000 131.19934 9695.80066 9958.19934
9830.00000 134.19934 9695.80066 9964.19934
9836.00000 140.19934 9695.80066 9976.19934
9876.00000 140.62271 9735.37729 10016.62271
9888.00000 140.62271 9747.37729 10028.62271
9896.00000 140.42337 9755.57663 10036.42337
9907.50000 128.92337 9778.57663 10036.42337
9924.50000 111.92337 9812.57663 10036.42337
9933.00000 103.42337 9829.57663 10036.42337
9945.50000 90.92337 9854.57663 10036.42337
9948.50000 87.92337 9860.57663 10036.42337
9983.00000 50.42929 9932.57071 10033.42929
10011.00000 50.42929 9960.57071 10061.42929
10022.00000 50.42929 9971.57071 10072.42929
10080.00000 50.42929 10029.57071 10130.42929
10087.50000 50.42929 10037.07071 10137.92929
10094.00000 50.42929 10043.57071 10144.42929
