3431.92743 24.53115 3407.39628 3456.45858
3474.74649 24.53115 3450.21534 3499.27764
3487.92159 24.53115 3463.39043 3512.45274
3576.85348 197.62643 3379.22705 3774.47991
3599.90990 197.62643 3402.28347 3797.53632
3613.08499 197.62643 3415.45856 3810.71142
3632.84763 197.62643 3435.22121 3830.47406
3662.49160 197.62643 3464.86517 3860.11803
3702.01688 197.62643 3504.39046 3899.64331
3721.77953 197.62643 3524.15310 3919.40596
3744.83594 197.62643 3547.20952 3942.46237
3758.01104 197.62643 3560.38461 3955.63747
3830.47406 197.62643 3632.84763 4028.10049
3850.23671 197.62643 3652.61028 4047.86313
3863.41180 197.62643 3665.78537 4061.03823
3889.76199 197.62643 3692.13556 4087.38842
3942.46237 197.62643 3744.83594 4140.08880
3955.63747 197.62643 3758.01104 4153.26390
3998.45653 197.62643 3800.83010 4196.08296
4034.68804 197.62643 3837.06161 4232.31447
4057.74446 197.62643 3860.11803 4255.37088
4093.97597 197.62643 3896.34954 4291.60240
4117.03238 197.62643 3919.40596 4314.65881
4146.67635 197.62643 3949.04992 4344.30278
4169.73277 197.62643 3972.10634 4367.35919
4205.96428 197.62643 4008.33785 4403.59071
4232.31447 197.62643 4034.68804 4429.94090
4252.07711 197.62643 4054.45068 4449.70354
4564.98562 197.62643 4367.35919 4762.61205
4660.50506 197.62643 4462.87863 4858.13149
4779.08092 197.62643 4581.45449 4976.70735
4802.13734 197.62643 4604.51091 4999.76377
4825.19375 197.62643 4627.56732 5022.82018
4851.54394 197.62643 4653.91752 5049.17037
4907.53810 197.62643 4709.91167 5105.16453
5039.28905 197.62643 4841.66262 5236.91548
5088.69566 197.62643 4891.06923 5286.32209
5111.75207 197.62643 4914.12565 5309.37850
5128.22094 197.62643 4930.59452 5325.84737
5141.39604 197.62643 4943.76961 5339.02247
5154.57113 197.62643 4956.94471 5352.19756
5187.50887 197.62643 4989.88244 5385.13530
5240.20925 197.62643 5042.58282 5437.83568
5263.26567 197.62643 5065.63924 5460.89210
5292.90963 197.62643 5095.28321 5490.53606
5335.72869 197.62643 5138.10227 5533.35512
5444.42323 197.62643 5246.79680 5642.04966
5464.18587 197.62643 5266.55944 5661.81230
5477.36097 197.62643 5279.73454 5674.98740
5516.88625 197.62643 5319.25982 5714.51268
5559.70531 197.62643 5362.07888 5757.33174
5576.17418 197.62643 5378.54775 5773.80061
5592.64305 197.62643 5395.01662 5790.26948
6017.53987 197.62643 5819.91344 6215.16630
6037.30252 197.62643 5839.67609 6234.92894
6086.70912 197.62643 5889.08269 6284.33555
6116.35309 197.62643 5918.72666 6313.97952
6129.52818 197.62643 5931.90175 6327.15461
6221.75385 197.62643 6024.12742 6419.38028
6244.81027 197.62643 6047.18384 6442.43669
6284.33555 197.62643 6086.70912 6481.96198
6313.97952 197.62643 6116.35309 6511.60594
6330.44838 197.62643 6132.82196 6528.07481
6343.62348 197.62643 6145.99705 6541.24991
6356.79857 197.62643 6159.17215 6554.42500
6409.49896 197.62643 6211.87253 6607.12538
6798.16427 197.62643 6600.53784 6995.79069
6821.22068 197.62643 6623.59425 7018.84711
6877.21484 197.62643 6679.58841 7074.84127
6910.15257 197.62643 6712.52615 7107.77900
6959.55918 197.62643 6761.93275 7157.18561
6972.73428 197.62643 6775.10785 7170.36071
7015.55334 197.62643 6817.92691 7213.17977
7032.02221 197.62643 6834.39578 7229.64863
7048.49107 197.62643 6850.86465 7246.11750
7084.72259 197.62643 6887.09616 7282.34902
7160.47938 197.62643 6962.85296 7358.10581
7183.53580 197.62643 6985.90937 7381.16223
7209.88599 197.62643 7012.25956 7407.51242
7239.52996 197.62643 7041.90353 7437.15638
7252.70505 197.62643 7055.07862 7450.33148
7295.52411 197.62643 7097.89768 7493.15054
7341.63694 197.62643 7144.01052 7539.26337
7364.69336 197.62643 7167.06693 7562.31979
7381.16223 197.62643 7183.53580 7578.78866
7394.33732 197.62643 7196.71090 7591.96375
7427.27506 197.62643 7229.64863 7624.90149
7443.74393 197.62643 7246.11750 7641.37036
7496.44431 197.62643 7298.81788 7694.07074
7509.61941 197.62643 7311.99298 7707.24584
7529.38205 197.62643 7331.75562 7727.00848
7559.02602 197.62643 7361.39959 7756.65244
7572.20111 197.62643 7374.57468 7769.82754
7595.25753 197.62643 7397.63110 7792.88396
7611.72640 197.62643 7414.09997 7809.35282
7746.77112 197.62643 7549.14469 7944.39755
7825.82169 197.62643 7628.19527 8023.44812
7891.69717 197.62643 7694.07074 8089.32360
8003.68548 197.62643 7806.05905 8201.31191
8066.26718 197.62643 7868.64075 8263.89361
8263.89361 197.62643 8066.26718 8461.52004
8306.71267 197.62643 8109.08624 8504.33910
8326.47531 197.62643 8128.84888 8524.10174
8342.94418 197.62643 8145.31775 8540.57061
8428.58230 197.62643 8230.95587 8626.20873
8468.10759 197.62643 8270.48116 8665.73402
8553.74571 197.62643 8356.11928 8751.37213
8576.80212 197.62643 8379.17569 8774.42855
8642.67760 197.62643 8445.05117 8840.30403
8678.90911 197.62643 8481.28268 8876.53554
8751.37213 197.62643 8553.74571 8948.99856
8777.72233 197.62643 8580.09590 8975.34875
8797.48497 197.62643 8599.85854 8995.11140
8837.01025 197.62643 8639.38383 9034.63668
8866.65422 197.62643 8669.02779 9064.28065
8906.17950 197.62643 8708.55308 9103.80593
8962.17366 197.62643 8764.54723 9159.80009
8988.52385 197.62643 8790.89742 9186.15028
9018.16781 197.62643 8820.54138 9215.79424
9041.22423 197.62643 8843.59780 9238.85066
9080.74952 197.62643 8883.12309 9278.37594
9103.80593 197.62643 8906.17950 9301.43236
9120.27480 197.62643 8922.64837 9317.90123
9136.74367 197.62643 8939.11724 9334.37010
9153.21254 197.62643 8955.58611 9350.83897
9179.56273 197.62643 8981.93630 9377.18916
9212.50047 197.62643 9014.87404 9410.12690
9225.67556 197.62643 9028.04913 9423.30199
9258.61330 197.62643 9060.98687 9456.23973
9275.08217 197.62643 9077.45574 9472.70860
9294.84481 197.62643 9097.21838 9492.47124
9324.48878 197.62643 9126.86235 9522.11521
9347.54519 182.75075 9164.79444 9530.29595
9393.65803 136.63792 9257.02011 9530.29595
9446.35841 69.00001 9377.35840 9515.35842
9479.29615 101.93775 9377.35840 9581.23390
9505.64634 128.28794 9377.35840 9633.93428
9518.82143 141.46304 9377.35840 9660.28447
9551.75917 157.93191 9393.82727 9709.69108
9571.52181 157.93191 9413.58991 9729.45372
9614.34087 118.57586 9495.76502 9732.91673
