3729.77617 11.70522 3718.07096 3741.48139
3738.87365 11.70522 3727.16843 3750.57886
3749.48736 11.70522 3737.78215 3761.19258
3766.16606 10.01371 3756.15236 3776.17977
3776.77978 18.20418 3758.57560 3794.98397
3790.42599 18.20418 3772.22181 3808.63018
3807.10469 18.20418 3788.90051 3825.30888
3843.49458 8.27002 3835.22457 3851.76460
3857.14079 8.27002 3848.87078 3865.41081
3867.75451 8.27002 3859.48450 3876.02453
3895.04693 8.27002 3886.77692 3903.31695
3907.17689 8.27002 3898.90688 3915.44691
3923.85560 8.27002 3915.58558 3932.12561
3946.59928 8.27002 3938.32926 3954.86929
3952.66426 8.27002 3944.39424 3960.93428
3995.11913 8.27002 3986.84912 4003.38915
4002.70036 8.27002 3994.43034 4010.97038
4011.79783 38.64248 3973.15535 4050.44031
4042.12274 38.64248 4003.48026 4080.76522
4052.73646 38.64248 4014.09398 4091.37894
4064.86643 38.64248 4026.22394 4103.50891
4075.48014 38.64248 4036.83766 4114.12262
4110.35379 73.24580 4037.10799 4183.59959
4128.54874 65.45160 4063.09714 4194.00033
4134.61372 71.51658 4063.09714 4206.13030
4140.67870 77.58156 4063.09714 4218.26026
4149.77617 81.23297 4068.54320 4231.00914
4155.84115 81.23297 4074.60819 4237.07412
4163.42238 81.23297 4082.18941 4244.65535
4178.58484 81.23297 4097.35187 4259.81781
4184.64982 81.23297 4103.41685 4265.88279
4192.23105 81.23297 4110.99808 4273.46401
4199.81227 81.23297 4118.57930 4281.04524
4216.49097 81.23297 4135.25800 4297.72394
4227.10469 81.23297 4145.87172 4308.33766
4251.36462 81.23297 4170.13165 4332.59759
4258.94585 81.23297 4177.71288 4340.17882
4268.04332 73.39870 4194.64462 4341.44202
4281.68953 59.75249 4221.93704 4341.44202
4289.27076 52.17126 4237.09949 4341.44202
4295.33574 46.10628 4249.22946 4341.44202
4312.01444 29.42758 4282.58686 4341.44202
4321.11191 197.11191 4124.00000 4518.22383
4331.72563 197.11191 4134.61372 4528.83754
4345.37184 197.11191 4148.25993 4542.48375
4354.46931 197.11191 4157.35740 4551.58123
4369.63177 197.11191 4172.51985 4566.74368
4407.53790 197.11191 4210.42599 4604.64982
4428.76534 197.11191 4231.65343 4625.87725
4437.86281 197.11191 4240.75090 4634.97473
4443.92780 197.11191 4246.81588 4641.03971
4469.70397 197.11191 4272.59206 4666.81588
4478.80144 197.11191 4281.68953 4675.91336
4496.99639 197.11191 4299.88448 4694.10830
4513.67509 197.11191 4316.56318 4710.78700
4524.28881 197.11191 4327.17689 4721.40072
4534.90253 197.11191 4337.79061 4732.01444
4554.61372 197.11191 4357.50180 4751.72563
4581.90614 197.11191 4384.79422 4779.01805
4597.06859 197.11191 4399.95668 4794.18050
4621.32852 197.11191 4424.21661 4818.44043
4634.97473 197.11191 4437.86281 4832.08664
4648.62094 197.11191 4451.50902 4845.73285
4666.81588 197.11191 4469.70397 4863.92780
4688.04332 197.11191 4490.93141 4885.15523
4695.62455 197.11191 4498.51263 4892.73646
4715.33574 197.11191 4518.22383 4912.44765
4736.56317 197.11191 4539.45126 4933.67509
4754.75812 197.11191 4557.64621 4951.87003
4765.37184 197.11191 4568.25993 4962.48375
4771.43682 197.11191 4574.32491 4968.54873
4779.01805 197.11191 4581.90614 4976.12996
4786.59928 197.11191 4589.48736 4983.71119
4801.76173 197.11191 4604.64982 4998.87364
4807.82671 197.11191 4610.71480 5004.93863
4822.98917 197.11191 4625.87725 5020.10108
4860.89530 197.11191 4663.78339 5058.00722
4880.60650 197.11191 4683.49458 5077.71841
4898.80144 197.11191 4701.68953 5095.91335
4906.38267 197.11191 4709.27076 5103.49458
4920.02888 197.11191 4722.91697 5117.14079
4951.87003 197.11191 4754.75812 5148.98195
4960.96751 197.11191 4763.85559 5158.07942
4971.58122 197.11191 4774.46931 5168.69314
4988.25993 197.11191 4791.14801 5185.37184
4994.32491 197.11191 4797.21299 5191.43682
5020.10108 197.11191 4822.98917 5217.21299
5033.74729 197.11191 4836.63538 5230.85920
5077.71841 197.11191 4880.60650 5274.83032
5129.27076 197.11191 4932.15884 5326.38267
5139.88447 197.11191 4942.77256 5336.99639
5183.85559 197.11191 4986.74368 5380.96751
5244.50541 197.11191 5047.39350 5441.61733
5253.60289 197.11191 5056.49097 5450.71480
5274.83032 197.11191 5077.71841 5471.94223
5288.47653 197.11191 5091.36462 5485.58844
5309.70397 197.11191 5112.59205 5506.81588
5315.76895 197.11191 5118.65704 5512.88086
5465.87725 197.11191 5268.76534 5662.98917
5502.26714 197.11191 5305.15523 5699.37906
5555.33574 197.11191 5358.22382 5752.44765
5605.37184 197.11191 5408.25992 5802.48375
5619.01805 197.11191 5421.90613 5816.12996
5629.63177 197.11191 5432.51985 5826.74368
5655.40794 197.11191 5458.29603 5852.51985
5664.50541 197.11191 5467.39350 5861.61732
5699.37906 197.11191 5502.26714 5896.49097
5725.15523 197.11191 5528.04332 5922.26714
5735.76895 197.11191 5538.65704 5932.88086
5747.89891 197.11191 5550.78700 5945.01083
5761.54512 197.11191 5564.43321 5958.65704
5773.67509 197.11191 5576.56317 5970.78700
5825.22743 197.11191 5628.11552 6022.33935
5846.45487 197.11191 5649.34296 6043.56678
5858.58483 197.11191 5661.47292 6055.69675
5866.16606 197.11191 5669.05415 6063.27797
5882.84476 197.11191 5685.73285 6079.95667
5890.42599 197.11191 5693.31408 6087.53790
5908.62093 197.11191 5711.50902 6105.73285
5922.26714 197.11191 5725.15523 6119.37906
5929.84837 197.11191 5732.73646 6126.96028
5952.59205 197.11191 5755.48014 6149.70397
5969.27075 197.11191 5772.15884 6166.38267
5975.33574 197.11191 5778.22382 6172.44765
5984.43321 197.11191 5787.32130 6181.54512
6007.17689 197.11191 5810.06498 6204.28880
6013.24187 197.11191 5816.12996 6210.35379
6020.82310 197.11191 5823.71119 6217.93501
6029.92057 197.11191 5832.80866 6227.03249
6040.53429 197.11191 5843.42238 6237.64620
6046.59927 197.11191 5849.48736 6243.71119
6054.18050 197.11191 5857.06859 6251.29241
6069.34296 197.11191 5872.23104 6266.45487
6078.44043 197.11191 5881.32852 6275.55234
6086.02166 197.11191 5888.90974 6283.13357
6093.60288 197.11191 5896.49097 6290.71480
6122.41155 197.11191 5925.29963 6319.52346
6129.99277 197.11191 5932.88086 6327.10469
6139.09025 197.11191 5941.97833 6336.20216
6178.51263 197.11191 5981.40072 6375.62454
6187.61010 197.11191 5990.49819 6384.72202
6196.70758 197.11191 5999.59566 6393.81949
6216.41877 197.11191 6019.30685 6413.53068
6227.03249 197.11191 6029.92057 6424.14440
6240.67870 197.11191 6043.56678 6437.79061
6254.32490 197.11191 6057.21299 6451.43682
6266.45487 197.11191 6069.34296 6463.56678
6274.03610 197.11191 6076.92418 6471.14801
6298.29602 197.11191 6101.18411 6495.40794
6321.03971 197.11191 6123.92779 6518.15162
6328.62093 197.11191 6131.50902 6525.73285
6346.81588 197.11191 6149.70397 6543.92779
6360.46209 197.11191 6163.35018 6557.57400
6405.94945 197.11191 6208.83754 6603.06137
6433.24187 197.11191 6236.12996 6630.35378
6455.98555 197.11191 6258.87364 6653.09747
6493.89169 197.11191 6296.77978 6691.00360
6530.28158 197.11191 6333.16967 6727.39350
6546.96028 197.11191 6349.84837 6744.07220
6571.22021 197.11191 6374.10830 6768.33212
6584.86642 197.11191 6387.75451 6781.97833
6660.67869 197.11191 6463.56678 6857.79061
6672.80866 197.11191 6475.69675 6869.92057
6731.94223 45.22958 6686.71265 6777.17181
6753.16967 45.22958 6707.94009 6798.39925
6772.88086 45.22958 6727.65128 6818.11044
6783.49458 45.22958 6738.26500 6828.72416
6798.65703 45.22958 6753.42745 6843.88661
6816.85198 45.22958 6771.62240 6862.08156
6922.98916 197.11191 6725.87725 7120.10108
6935.11913 197.11191 6738.00721 7132.23104
6953.31407 197.11191 6756.20216 7150.42599
6959.37905 197.11191 6762.26714 7156.49097
6965.44404 197.11191 6768.33212 7162.55595
6973.02526 197.11191 6775.91335 7170.13718
6982.12274 197.11191 6785.01082 7179.23465
7004.86642 197.11191 6807.75451 7201.97833
7144.36100 197.11191 6947.24909 7341.47292
7274.75812 197.11191 7077.64620 7471.87003
7299.01804 197.11191 7101.90613 7496.12996
7311.14801 197.11191 7114.03609 7508.25992
7377.86281 197.11191 7180.75090 7574.97472
7393.02526 197.11191 7195.91335 7590.13718
7446.09386 197.11191 7248.98194 7643.20577
7459.74006 197.11191 7262.62815 7656.85198
7499.16245 197.11191 7302.05053 7696.27436
7505.22743 194.28896 7310.93847 7699.51639
7512.80866 186.70773 7326.10093 7699.51639
7520.38988 179.12650 7341.26338 7699.51639
7540.10108 159.41531 7380.68576 7699.51639
7552.23104 147.28535 7404.94569 7699.51639
7564.36100 135.80085 7428.56015 7700.16186
7576.49097 123.67089 7452.82008 7700.16186
7587.10469 113.05717 7474.04751 7700.16186
7662.91696 120.60872 7542.30824 7783.52568
7672.01443 129.70619 7542.30824 7801.72062
7679.59566 137.28742 7542.30824 7816.88308
7688.69313 146.38489 7542.30824 7835.07802
7696.27436 149.96923 7546.30513 7846.24359
7702.33934 154.49145 7547.84789 7856.83080
7712.95306 165.10517 7547.84789 7878.05823
7735.69674 180.68056 7555.01618 7916.37730
7746.31046 179.32990 7566.98056 7925.64036
7770.57039 155.06997 7615.50042 7925.64036
7782.70035 142.94001 7639.76034 7925.64036
7796.34656 129.29380 7667.05276 7925.64036
7819.09024 106.55012 7712.54013 7925.64036
