3660.60212 115.87649 3544.72563 3776.47861
3748.88897 192.94848 3555.94049 3941.83746
3853.72961 198.64541 3655.08420 4052.37502
3986.15988 198.64541 3787.51447 4184.80530
4035.82124 198.64541 3837.17582 4234.46665
4068.92881 198.64541 3870.28339 4267.57422
4151.69773 198.64541 3953.05231 4350.34314
4179.28737 198.64541 3980.64196 4377.93278
4295.16386 198.64541 4096.51845 4493.80927
4317.23557 198.64541 4118.59016 4515.88098
4339.30728 198.64541 4140.66187 4537.95270
4499.32720 198.64541 4300.68179 4697.97261
4560.02441 198.64541 4361.37900 4758.66982
4648.31126 198.64541 4449.66585 4846.95667
4675.90090 198.64541 4477.25549 4874.54631
4769.70568 198.64541 4571.06026 4968.35109
5006.97659 198.64541 4808.33117 5205.62200
5155.96065 198.64541 4957.31523 5354.60606
5189.06821 198.64541 4990.42280 5387.71363
5227.69371 198.64541 5029.04830 5426.33912
5288.39092 198.64541 5089.74551 5487.03633
5332.53435 198.64541 5133.88893 5531.17976
5354.60606 198.64541 5155.96065 5553.25147
5437.37498 198.64541 5238.72957 5636.02039
5503.59012 198.64541 5304.94471 5702.23553
5558.76940 198.64541 5360.12399 5757.41481
5641.53832 198.64541 5442.89291 5840.18373
5757.41481 198.64541 5558.76940 5956.06022
5801.55824 198.64541 5602.91282 6000.20365
5834.66580 198.64541 5636.02039 6033.31122
6038.82915 198.64541 5840.18373 6237.47456
6138.15185 198.64541 5939.50644 6336.79726
6193.33113 182.46913 6010.86200 6375.80026
6215.40285 21.99617 6193.40667 6237.39902
6265.06420 71.65753 6193.40667 6336.72173
6298.17177 104.76510 6193.40667 6402.93686
6607.17574 150.26771 6456.90804 6757.44345
6640.28331 183.37528 6456.90804 6823.65859
6673.39088 198.64541 6474.74547 6872.03629
6745.12395 53.39727 6691.72667 6798.52122
6800.30323 53.39727 6746.90595 6853.70050
6894.10800 36.98431 6857.12369 6931.09232
6932.73350 64.83972 6867.89378 6997.57322
6965.84107 64.83972 6901.00135 7030.68079
7087.23549 198.64541 6888.59008 7285.88090
7269.32712 198.64541 7070.68170 7467.97253
7330.02433 198.64541 7131.37891 7528.66974
7363.13190 198.64541 7164.48648 7561.77731
7412.79325 198.64541 7214.14784 7611.43866
7445.90082 76.27563 7369.62518 7522.17645
7495.56217 125.93699 7369.62518 7621.49916
7517.63388 127.60658 7390.02730 7645.24047
7694.20758 15.49273 7678.71485 7709.70031
7754.90479 15.49273 7739.41206 7770.39752
7793.53029 15.49273 7778.03756 7809.02302
7826.63786 71.33103 7755.30683 7897.96888
7848.70957 71.33103 7777.37854 7920.04060
7887.33507 71.33103 7816.00404 7958.66609
7942.51435 71.33103 7871.18332 8013.84537
7964.58606 49.34575 7915.24031 8013.93181
8080.46255 59.71936 8020.74319 8140.18191
8102.53426 59.71936 8042.81490 8162.25363
8212.89283 19.06605 8193.82678 8231.95887
8257.03625 19.06605 8237.97021 8276.10230
8290.14382 19.06605 8271.07777 8309.20987
8334.28724 19.06605 8315.22120 8353.35329
8372.91274 19.06605 8353.84670 8391.97879
8394.98445 25.12895 8369.85550 8420.11341
8417.05617 25.12895 8391.92721 8442.18512
8499.82509 25.12895 8474.69614 8524.95404
8532.93266 21.04055 8511.89211 8553.97321
8599.14779 20.45357 8578.69422 8619.60137
8676.39879 20.45357 8655.94522 8696.85236
8720.54221 25.10830 8695.43392 8745.65051
8748.13185 16.47814 8731.65372 8764.60999
8786.75735 16.47814 8770.27921 8803.23549
8825.38285 16.47814 8808.90471 8841.86099
8864.00834 16.47814 8847.53021 8880.48648
8941.25934 21.59287 8919.66647 8962.85221
9029.54619 12.90169 9016.64450 9042.44788
9051.61790 12.90169 9038.71621 9064.51959
9101.27925 12.90169 9088.37756 9114.18095
9134.38682 12.90169 9121.48513 9147.28852
9200.60196 11.38688 9189.21508 9211.98884
