3729.77617 11.70522 3718.07096 3741.48139
3749.48736 11.70522 3737.78215 3761.19258
3766.16606 10.01371 3756.15236 3776.17977
3790.42599 18.20418 3772.22181 3808.63018
3807.10469 18.20418 3788.90051 3825.30888
3857.14079 8.27002 3848.87078 3865.41081
3867.75451 8.27002 3859.48450 3876.02453
3895.04693 8.27002 3886.77692 3903.31695
3907.17689 8.27002 3898.90688 3915.44691
3995.11913 8.27002 3986.84912 4003.38915
4002.70036 8.27002 3994.43034 4010.97038
4216.49097 81.23297 4135.25800 4297.72394
4295.33574 46.10628 4249.22946 4341.44202
4331.72563 197.11191 4134.61372 4528.83754
6798.65703 45.22958 6753.42745 6843.88661
6816.85198 45.22958 6771.62240 6862.08156
6973.02526 197.11191 6775.91335 7170.13718
7712.95306 165.10517 7547.84789 7878.05823
7735.69674 180.68056 7555.01618 7916.37730
7746.31046 179.32990 7566.98056 7925.64036
7770.57039 155.06997 7615.50042 7925.64036
7782.70035 142.94001 7639.76034 7925.64036
7796.34656 129.29380 7667.05276 7925.64036
7819.09024 106.55012 7712.54013 7925.64036
