3531.00000 200.00000 3331.00000 3731.00000
3662.50000 200.00000 3462.50000 3862.50000
3862.00000 200.00000 3662.00000 4062.00000
4068.00000 200.00000 3868.00000 4268.00000
5187.50000 200.00000 4987.50000 5387.50000
6799.00000 11.95205 6787.04795 6810.95205
6820.50000 11.95205 6808.54795 6832.45205
6958.50000 200.00000 6758.50000 7158.50000
6973.00000 200.00000 6773.00000 7173.00000
7473.50000 200.00000 7273.50000 7673.50000
8542.50000 200.00000 8342.50000 8742.50000
8569.00000 200.00000 8369.00000 8769.00000
8588.50000 200.00000 8388.50000 8788.50000
8634.50000 200.00000 8434.50000 8834.50000
8654.00000 200.00000 8454.00000 8854.00000
8679.50000 200.00000 8479.50000 8879.50000
8689.50000 200.00000 8489.50000 8889.50000
8698.50000 200.00000 8498.50000 8898.50000
8703.00000 200.00000 8503.00000 8903.00000
8714.50000 200.00000 8514.50000 8914.50000
8720.00000 200.00000 8520.00000 8920.00000
8730.50000 200.00000 8530.50000 8930.50000
8739.50000 200.00000 8539.50000 8939.50000
8753.50000 200.00000 8553.50000 8953.50000
8774.00000 200.00000 8574.00000 8974.00000
8784.00000 200.00000 8584.00000 8984.00000
8796.50000 200.00000 8596.50000 8996.50000
8803.50000 200.00000 8603.50000 9003.50000
8809.50000 200.00000 8609.50000 9009.50000
8816.00000 200.00000 8616.00000 9016.00000
8822.50000 200.00000 8622.50000 9022.50000
8827.50000 200.00000 8627.50000 9027.50000
8831.50000 200.00000 8631.50000 9031.50000
8841.50000 200.00000 8641.50000 9041.50000
8855.00000 200.00000 8655.00000 9055.00000
8858.50000 200.00000 8658.50000 9058.50000
8871.50000 200.00000 8671.50000 9071.50000
8882.50000 200.00000 8682.50000 9082.50000
8898.50000 200.00000 8698.50000 9098.50000
8903.00000 200.00000 8703.00000 9103.00000
8910.00000 200.00000 8710.00000 9110.00000
8917.00000 200.00000 8717.00000 9117.00000
8926.00000 200.00000 8726.00000 9126.00000
8936.00000 200.00000 8736.00000 9136.00000
8969.50000 200.00000 8769.50000 9169.50000
8995.00000 200.00000 8795.00000 9195.00000
9035.00000 200.00000 8835.00000 9235.00000
9109.00000 200.00000 8909.00000 9309.00000
9189.00000 200.00000 8989.00000 9389.00000
9195.00000 200.00000 8995.00000 9395.00000
9200.50000 200.00000 9000.50000 9400.50000
9210.50000 200.00000 9010.50000 9410.50000
9253.00000 200.00000 9053.00000 9453.00000
9396.00000 118.51771 9277.48229 9514.51771
9836.00000 140.19934 9695.80066 9976.19934
9876.00000 140.62271 9735.37729 10016.62271
9888.00000 140.62271 9747.37729 10028.62271
9924.50000 111.92337 9812.57663 10036.42337
10011.00000 50.42929 9960.57071 10061.42929
10022.00000 50.42929 9971.57071 10072.42929
10080.00000 50.42929 10029.57071 10130.42929
10087.50000 50.42929 10037.07071 10137.92929
10094.00000 50.42929 10043.57071 10144.42929
