6800.30323 53.39727 6746.90595 6853.70050
6965.84107 64.83972 6901.00135 7030.68079
7517.63388 127.60658 7390.02730 7645.24047
7887.33507 71.33103 7816.00404 7958.66609
8080.46255 59.71936 8020.74319 8140.18191
8102.53426 59.71936 8042.81490 8162.25363
8290.14382 19.06605 8271.07777 8309.20987
8372.91274 19.06605 8353.84670 8391.97879
8394.98445 25.12895 8369.85550 8420.11341
8417.05617 25.12895 8391.92721 8442.18512
8676.39879 20.45357 8655.94522 8696.85236
8748.13185 16.47814 8731.65372 8764.60999
8825.38285 16.47814 8808.90471 8841.86099
8864.00834 16.47814 8847.53021 8880.48648
8941.25934 21.59287 8919.66647 8962.85221
9101.27925 12.90169 9088.37756 9114.18095
9134.38682 12.90169 9121.48513 9147.28852
