3704.0 1.93824e-16
3705.51624548 3.2999e-16
3707.03249097 3.40278e-16
3708.54873645 3.28419e-16
3710.06498194 2.58493e-16
3711.58122742 1.92717e-16
3713.09747291 1.01005e-16
3714.61371839 6.4453e-17
3716.12996387 1.30694e-16
3717.64620936 1.76815e-16
3719.16245484 1.93647e-16
3720.67870033 2.03976e-16
3722.19494581 2.13584e-16
3723.7111913 2.21342e-16
3725.22743678 1.88595e-16
3726.74368227 1.57159e-16
3728.25992775 1.5942e-16
3729.77617323 2.96002e-16
3731.29241872 3.66823e-16
3732.8086642 2.52704e-16
3734.32490969 6.4763e-17
3735.84115517 1.01349e-17
3737.35740066 1.43879e-16
3738.87364614 2.47043e-16
3740.38989162 2.57977e-16
3741.90613711 1.66061e-16
3743.42238259 8.69349e-17
3744.93862808 6.48938e-17
3746.45487356 1.04426e-16
3747.97111905 2.40063e-16
3749.48736453 3.5516e-16
3751.00361001 3.8691e-16
3752.5198555 2.93786e-16
3754.03610098 1.99905e-16
3755.55234647 2.43497e-16
3757.06859195 2.62366e-16
3758.58483744 2.11618e-16
3760.10108292 1.62962e-16
3761.61732841 1.76266e-16
3763.13357389 2.42456e-16
3764.64981937 3.02581e-16
3766.16606486 3.68996e-16
3767.68231034 3.74233e-16
3769.19855583 2.67196e-16
3770.71480131 1.78919e-16
3772.2310468 1.59333e-16
3773.74729228 1.99038e-16
3775.26353776 2.32108e-16
3776.77978325 2.5175e-16
3778.29602873 2.47343e-16
3779.81227422 1.68729e-16
3781.3285197 6.92086e-17
3782.84476519 2.77812e-17
3784.36101067 8.94692e-17
3785.87725616 1.52933e-16
3787.39350164 1.83974e-16
3788.90974712 2.1735e-16
3790.42599261 2.95414e-16
3791.94223809 2.9961e-16
3793.45848358 1.90101e-16
3794.97472906 1.01796e-16
3796.49097455 1.45119e-16
3798.00722003 2.12349e-16
3799.52346551 2.50389e-16
3801.039711 1.83805e-16
3802.55595648 1.0982e-16
3804.07220197 1.77224e-16
3805.58844745 2.85869e-16
3807.10469294 3.80859e-16
3808.62093842 3.48633e-16
3810.1371839 2.54259e-16
3811.65342939 1.99697e-16
3813.16967487 1.73587e-16
3814.68592036 1.70464e-16
3816.20216584 1.75341e-16
3817.71841133 2.1262e-16
3819.23465681 2.29405e-16
3820.7509023 1.81319e-16
3822.26714778 1.18714e-16
3823.78339326 1.28008e-16
3825.29963875 1.68794e-16
3826.81588423 1.85895e-16
3828.33212972 1.89684e-16
3829.8483752 2.03567e-16
3831.36462069 1.61825e-16
3832.88086617 1.70499e-16
3834.39711165 2.0411e-16
3835.91335714 2.0442e-16
3837.42960262 1.61302e-16
3838.94584811 1.04864e-16
3840.46209359 1.6899e-16
3841.97833908 2.41652e-16
3843.49458456 2.67831e-16
3845.01083004 2.67096e-16
3846.52707553 2.08988e-16
3848.04332101 1.78062e-16
3849.5595665 1.48868e-16
3851.07581198 1.2253e-16
3852.59205747 9.72128e-17
3854.10830295 1.46962e-16
3855.62454844 2.75282e-16
3857.14079392 3.81672e-16
3858.6570394 3.95316e-16
3860.17328489 3.33623e-16
3861.68953037 2.81621e-16
3863.20577586 2.53076e-16
3864.72202134 2.76197e-16
3866.23826683 3.74142e-16
3867.75451231 4.38587e-16
3869.27075779 4.52603e-16
3870.78700328 3.94913e-16
3872.30324876 2.86426e-16
3873.81949425 1.90405e-16
3875.33573973 1.40088e-16
3876.85198522 1.70967e-16
3878.3682307 1.95489e-16
3879.88447618 1.67624e-16
3881.40072167 1.32328e-16
3882.91696715 1.64068e-16
3884.43321264 2.02195e-16
3885.94945812 1.91827e-16
3887.46570361 1.45729e-16
3888.98194909 1.23163e-16
3890.49819458 1.63779e-16
3892.01444006 1.7893e-16
3893.53068554 2.46196e-16
3895.04693103 3.18623e-16
3896.56317651 3.58483e-16
3898.079422 3.11117e-16
3899.59566748 2.24754e-16
3901.11191297 1.80113e-16
3902.62815845 1.8813e-16
3904.14440393 2.64689e-16
3905.66064942 4.48153e-16
3907.1768949 5.54324e-16
3908.69314039 4.8988e-16
3910.20938587 3.63425e-16
3911.72563136 2.8963e-16
3913.24187684 2.65455e-16
3914.75812232 1.78291e-16
3916.27436781 1.44384e-16
3917.79061329 1.37456e-16
3919.30685878 1.59855e-16
3920.82310426 1.90987e-16
3922.33934975 2.24965e-16
3923.85559523 2.72065e-16
3925.37184072 2.73645e-16
3926.8880862 2.45772e-16
3928.40433168 2.09593e-16
3929.92057717 1.87943e-16
3931.43682265 1.90205e-16
3932.95306814 1.48711e-16
3934.46931362 8.77345e-17
3935.98555911 8.60924e-17
3937.50180459 1.22457e-16
3939.01805007 1.20149e-16
3940.53429556 1.07412e-16
3942.05054104 1.30472e-16
3943.56678653 1.79941e-16
3945.08303201 2.1968e-16
3946.5992775 2.41667e-16
3948.11552298 2.36858e-16
3949.63176847 2.24144e-16
3951.14801395 2.09003e-16
3952.66425943 2.31923e-16
3954.18050492 2.18386e-16
3955.6967504 1.41296e-16
3957.21299589 5.48818e-17
3958.72924137 4.87708e-17
3960.24548686 1.17496e-16
3961.76173234 1.99675e-16
3963.27797782 2.08258e-16
3964.79422331 1.49877e-16
3966.31046879 1.14464e-16
3967.82671428 1.25178e-16
3969.34295976 1.71968e-16
3970.85920525 1.94277e-16
3972.37545073 2.12223e-16
3973.89169621 2.12082e-16
3975.4079417 1.62538e-16
3976.92418718 1.09601e-16
3978.44043267 9.62365e-17
3979.95667815 1.26878e-16
3981.47292364 1.61021e-16
3982.98916912 1.70303e-16
3984.50541461 1.76846e-16
3986.02166009 1.70421e-16
3987.53790557 1.61432e-16
3989.05415106 1.82987e-16
3990.57039654 1.89644e-16
3992.08664203 2.33518e-16
3993.60288751 2.70891e-16
3995.119133 3.13489e-16
3996.63537848 2.92125e-16
3998.15162396 2.26228e-16
3999.66786945 1.95985e-16
4001.18411493 2.34986e-16
4002.70036042 2.79056e-16
4004.2166059 2.83887e-16
4005.73285139 2.43969e-16
4007.24909687 1.90723e-16
4008.76534235 1.7937e-16
4010.28158784 2.1854e-16
4011.79783332 2.5528e-16
4013.31407881 2.3757e-16
4014.83032429 1.92701e-16
4016.34656978 1.85661e-16
4017.86281526 2.00697e-16
4019.37906075 1.76141e-16
4020.89530623 1.22162e-16
4022.41155171 1.22236e-16
4023.9277972 1.59959e-16
4025.44404268 1.87755e-16
4026.96028817 1.61719e-16
4028.47653365 1.36033e-16
4029.99277914 1.36449e-16
4031.50902462 1.28346e-16
4033.0252701 1.26736e-16
4034.54151559 1.46532e-16
4036.05776107 1.86583e-16
4037.57400656 2.08234e-16
4039.09025204 2.26812e-16
4040.60649753 2.47792e-16
4042.12274301 2.58996e-16
4043.63898849 2.65398e-16
4045.15523398 2.52579e-16
4046.67147946 2.34961e-16
4048.18772495 2.02046e-16
4049.70397043 1.85517e-16
4051.22021592 2.0411e-16
4052.7364614 2.34057e-16
4054.25270689 2.3559e-16
4055.76895237 2.24213e-16
4057.28519785 2.14977e-16
4058.80144334 2.12143e-16
4060.31768882 2.08266e-16
4061.83393431 2.08494e-16
4063.35017979 2.37774e-16
4064.86642528 2.61823e-16
4066.38267076 2.69924e-16
4067.89891624 2.53686e-16
4069.41516173 2.17632e-16
4070.93140721 1.72356e-16
4072.4476527 1.55023e-16
4073.96389818 1.81056e-16
4075.48014367 2.30962e-16
4076.99638915 2.32894e-16
4078.51263463 2.06501e-16
4080.02888012 1.73549e-16
4081.5451256 1.57419e-16
4083.06137109 1.67612e-16
4084.57761657 1.83691e-16
4086.09386206 2.08303e-16
4087.61010754 2.02022e-16
4089.12635303 1.82646e-16
4090.64259851 1.69509e-16
4092.15884399 1.73411e-16
4093.67508948 1.74846e-16
4095.19133496 1.76408e-16
4096.70758045 1.78841e-16
4098.22382593 1.75633e-16
4099.74007142 1.58343e-16
4101.2563169 1.51874e-16
4102.77256238 1.76161e-16
4104.28880787 1.87012e-16
4105.80505335 1.44308e-16
4107.32129884 1.30947e-16
4108.83754432 1.76603e-16
4110.35378981 2.22717e-16
4111.87003529 1.88747e-16
4113.38628078 1.30923e-16
4114.90252626 1.20907e-16
4116.41877174 1.24326e-16
4117.93501723 1.20199e-16
4119.45126271 1.24412e-16
4120.9675082 1.4357e-16
4122.48375368 1.55231e-16
4123.99999917 1.38692e-16
4125.51624465 1.50089e-16
4127.03249013 1.95821e-16
4128.54873562 2.40631e-16
4130.0649811 2.43514e-16
4131.58122659 2.17955e-16
4133.09747207 2.08701e-16
4134.61371756 2.23766e-16
4136.12996304 2.36285e-16
4137.64620852 2.26012e-16
4139.16245401 2.26793e-16
4140.67869949 2.48258e-16
4142.19494498 2.58446e-16
4143.71119046 2.43743e-16
4145.22743595 2.08344e-16
4146.74368143 2.01268e-16
4148.25992692 2.24093e-16
4149.7761724 2.48684e-16
4151.29241788 2.5397e-16
4152.80866337 2.50495e-16
4154.32490885 2.49255e-16
4155.84115434 2.65816e-16
4157.35739982 2.51156e-16
4158.87364531 1.95963e-16
4160.38989079 1.50145e-16
4161.90613627 1.61166e-16
4163.42238176 2.15034e-16
4164.93862724 2.31361e-16
4166.45487273 2.07322e-16
4167.97111821 1.80691e-16
4169.4873637 1.88336e-16
4171.00360918 2.04544e-16
4172.51985466 2.14281e-16
4174.03610015 1.84923e-16
4175.55234563 1.66695e-16
4177.06859112 1.87977e-16
4178.5848366 2.25206e-16
4180.10108209 2.4738e-16
4181.61732757 2.35377e-16
4183.13357306 2.3942e-16
4184.64981854 2.58383e-16
4186.16606402 2.55495e-16
4187.68230951 2.39555e-16
4189.19855499 2.23468e-16
4190.71480048 2.30377e-16
4192.23104596 2.55099e-16
4193.74729145 2.60316e-16
4195.26353693 2.50992e-16
4196.77978241 2.3499e-16
4198.2960279 2.31645e-16
4199.81227338 2.42515e-16
4201.32851887 2.41813e-16
4202.84476435 2.31623e-16
4204.36100984 2.23162e-16
4205.87725532 2.24368e-16
4207.3935008 2.32288e-16
4208.90974629 2.39101e-16
4210.42599177 2.47794e-16
4211.94223726 2.52519e-16
4213.45848274 2.60414e-16
4214.97472823 2.85724e-16
4216.49097371 3.13564e-16
4218.0072192 3.16345e-16
4219.52346468 2.97516e-16
4221.03971016 2.68708e-16
4222.55595565 2.51224e-16
4224.07220113 2.38727e-16
4225.58844662 2.41842e-16
4227.1046921 2.50581e-16
4228.62093759 2.42774e-16
4230.13718307 2.25711e-16
4231.65342855 2.06076e-16
4233.16967404 2.01155e-16
4234.68591952 1.93889e-16
4236.20216501 1.82735e-16
4237.71841049 1.69022e-16
4239.23465598 1.70718e-16
4240.75090146 1.71913e-16
4242.26714695 1.60598e-16
4243.78339243 1.53395e-16
4245.29963791 1.52742e-16
4246.8158834 1.54736e-16
4248.33212888 1.6848e-16
4249.84837437 1.94498e-16
4251.36461985 2.12757e-16
4252.88086534 1.97038e-16
4254.39711082 1.72279e-16
4255.9133563 1.72133e-16
4257.42960179 1.95211e-16
4258.94584727 2.23566e-16
4260.46209276 2.26777e-16
4261.97833824 2.11577e-16
4263.49458373 1.96658e-16
4265.01082921 1.98295e-16
4266.52707469 2.17446e-16
4268.04332018 2.30977e-16
4269.55956566 2.33692e-16
4271.07581115 2.31161e-16
4272.59205663 2.33138e-16
4274.10830212 2.31899e-16
4275.6245476 2.0878e-16
4277.14079309 1.9121e-16
4278.65703857 2.01433e-16
4280.17328405 2.18619e-16
4281.68952954 2.30975e-16
4283.20577502 2.29552e-16
4284.72202051 2.31625e-16
4286.23826599 2.27196e-16
4287.75451148 2.36464e-16
4289.27075696 2.59887e-16
4290.78700244 2.75998e-16
4292.30324793 2.709e-16
4293.81949341 2.69764e-16
4295.3357389 2.81105e-16
4296.85198438 2.8644e-16
4298.36822987 2.69876e-16
4299.88447535 2.26885e-16
4301.40072083 1.98342e-16
4302.91696632 1.90277e-16
4304.4332118 2.05379e-16
4305.94945729 2.1944e-16
4307.46570277 2.18579e-16
4308.98194826 2.23451e-16
4310.49819374 2.42659e-16
4312.01443923 2.53111e-16
4313.53068471 2.47868e-16
4315.04693019 2.2756e-16
4316.56317568 2.04049e-16
4318.07942116 1.9685e-16
4319.59566665 2.05319e-16
4321.11191213 2.13954e-16
4322.62815762 2.13807e-16
4324.1444031 2.0924e-16
4325.66064858 2.07851e-16
4327.17689407 2.12366e-16
4328.69313955 2.28006e-16
4330.20938504 2.51387e-16
4331.72563052 2.63719e-16
4333.24187601 2.54471e-16
4334.75812149 2.40169e-16
4336.27436697 2.2104e-16
4337.79061246 2.07832e-16
4339.30685794 2.05442e-16
4340.82310343 2.10952e-16
4342.33934891 2.22243e-16
4343.8555944 2.31139e-16
4345.37183988 2.40721e-16
4346.88808537 2.45381e-16
4348.40433085 2.33611e-16
4349.92057633 2.18084e-16
4351.43682182 2.17503e-16
4352.9530673 2.26387e-16
4354.46931279 2.39763e-16
4355.98555827 2.30607e-16
4357.50180376 2.18228e-16
4359.01804924 2.15362e-16
4360.53429472 2.15709e-16
4362.05054021 2.19266e-16
4363.56678569 2.13948e-16
4365.08303118 2.1373e-16
4366.59927666 2.17873e-16
4368.11552215 2.28963e-16
4369.63176763 2.51004e-16
4371.14801311 2.53792e-16
4372.6642586 2.32048e-16
4374.18050408 2.16059e-16
4375.69674957 2.26691e-16
4377.21299505 2.31995e-16
4378.72924054 2.1623e-16
4380.24548602 2.07139e-16
4381.76173151 2.01956e-16
4383.27797699 1.81888e-16
4384.79422247 1.61815e-16
4386.31046796 1.72208e-16
4387.82671344 1.9615e-16
4389.34295893 1.94503e-16
4390.85920441 1.91641e-16
4392.3754499 1.94909e-16
4393.89169538 1.97875e-16
4395.40794086 1.84344e-16
4396.92418635 1.79263e-16
4398.44043183 1.88143e-16
4399.95667732 1.94244e-16
4401.4729228 1.89059e-16
4402.98916829 1.91692e-16
4404.50541377 2.08224e-16
4406.02165926 2.20388e-16
4407.53790474 2.24287e-16
4409.05415022 2.22e-16
4410.57039571 2.20217e-16
4412.08664119 2.19551e-16
4413.60288668 2.14872e-16
4415.11913216 2.13086e-16
4416.63537765 2.09364e-16
4418.15162313 1.98125e-16
4419.66786861 1.97279e-16
4421.1841141 1.97752e-16
4422.70035958 1.94988e-16
4424.21660507 1.86779e-16
4425.73285055 1.83184e-16
4427.24909604 1.95436e-16
4428.76534152 2.07161e-16
4430.281587 2.1145e-16
4431.79783249 2.06198e-16
4433.31407797 1.94039e-16
4434.83032346 1.9196e-16
4436.34656894 1.9857e-16
4437.86281443 2.09139e-16
4439.37905991 2.0464e-16
4440.8953054 2.00461e-16
4442.41155088 2.02584e-16
4443.92779636 2.13972e-16
4445.44404185 2.18239e-16
4446.96028733 2.01754e-16
4448.47653282 1.7962e-16
4449.9927783 1.67395e-16
4451.50902379 1.7009e-16
4453.02526927 1.80938e-16
4454.54151475 2.03173e-16
4456.05776024 2.1101e-16
4457.57400572 2.00136e-16
4459.09025121 1.84489e-16
4460.60649669 1.78049e-16
4462.12274218 1.68402e-16
4463.63898766 1.51885e-16
4465.15523314 1.45795e-16
4466.67147863 1.68721e-16
4468.18772411 1.99828e-16
4469.7039696 2.13593e-16
4471.22021508 2.03944e-16
4472.73646057 1.87331e-16
4474.25270605 1.87438e-16
4475.76895154 1.89951e-16
4477.28519702 1.98773e-16
4478.8014425 2.04567e-16
4480.31768799 2.05911e-16
4481.83393347 1.9435e-16
4483.35017896 1.78492e-16
4484.86642444 1.79628e-16
4486.38266993 1.81657e-16
4487.89891541 1.84897e-16
4489.41516089 1.901e-16
4490.93140638 1.93193e-16
4492.44765186 1.94133e-16
4493.96389735 1.92879e-16
4495.48014283 2.02383e-16
4496.99638832 2.15001e-16
4498.5126338 2.165e-16
4500.02887928 2.0198e-16
4501.54512477 1.87943e-16
4503.06137025 1.77941e-16
4504.57761574 1.78144e-16
4506.09386122 1.75513e-16
4507.61010671 1.79038e-16
4509.12635219 1.89185e-16
4510.64259768 2.00125e-16
4512.15884316 2.14697e-16
4513.67508864 2.23346e-16
4515.19133413 2.21529e-16
4516.70757961 2.07585e-16
4518.2238251 1.90718e-16
4519.74007058 1.86513e-16
4521.25631607 1.89553e-16
4522.77256155 2.02234e-16
4524.28880703 2.22162e-16
4525.80505252 2.29323e-16
4527.321298 2.17592e-16
4528.83754349 2.06049e-16
4530.35378897 2.0688e-16
4531.87003446 2.15225e-16
4533.38627994 2.2892e-16
4534.90252542 2.37354e-16
4536.41877091 2.36647e-16
4537.93501639 2.26562e-16
4539.45126188 2.16215e-16
4540.96750736 2.01087e-16
4542.48375285 1.91276e-16
4543.99999833 2.01577e-16
4545.51624382 2.09094e-16
4547.0324893 1.88068e-16
4548.54873478 1.56059e-16
4550.06498027 1.53509e-16
4551.58122575 1.71333e-16
4553.09747124 1.90763e-16
4554.61371672 2.1105e-16
4556.12996221 2.16065e-16
4557.64620769 2.05068e-16
4559.16245317 1.97435e-16
4560.67869866 1.97532e-16
4562.19494414 1.97748e-16
4563.71118963 1.84706e-16
4565.22743511 1.76085e-16
4566.7436806 1.90115e-16
4568.25992608 2.00912e-16
4569.77617157 1.96602e-16
4571.29241705 1.82943e-16
4572.80866253 1.78175e-16
4574.32490802 1.82004e-16
4575.8411535 1.70861e-16
4577.35739899 1.61267e-16
4578.87364447 1.76216e-16
4580.38988996 2.0948e-16
4581.90613544 2.22438e-16
4583.42238092 2.13998e-16
4584.93862641 1.99356e-16
4586.45487189 1.81935e-16
4587.97111738 1.60816e-16
4589.48736286 1.54905e-16
4591.00360835 1.71481e-16
4592.51985383 1.94081e-16
4594.03609931 1.95081e-16
4595.5523448 1.9438e-16
4597.06859028 2.03237e-16
4598.58483577 2.06411e-16
4600.10108125 1.95171e-16
4601.61732674 1.80296e-16
4603.13357222 1.76172e-16
4604.64981771 1.81926e-16
4606.16606319 1.8077e-16
4607.68230867 1.83191e-16
4609.19855416 1.89021e-16
4610.71479964 1.91718e-16
4612.23104513 1.84337e-16
4613.74729061 1.84392e-16
4615.2635361 1.91833e-16
4616.77978158 1.93721e-16
4618.29602706 1.86734e-16
4619.81227255 1.89995e-16
4621.32851803 2.00434e-16
4622.84476352 2.0613e-16
4624.361009 1.97842e-16
4625.87725449 1.91207e-16
4627.39349997 1.87344e-16
4628.90974545 1.71294e-16
4630.42599094 1.62765e-16
4631.94223642 1.69354e-16
4633.45848191 1.91975e-16
4634.97472739 2.13625e-16
4636.49097288 2.13982e-16
4638.00721836 2.00943e-16
4639.52346385 1.9727e-16
4641.03970933 1.97473e-16
4642.55595481 1.96607e-16
4644.0722003 1.83994e-16
4645.58844578 1.82694e-16
4647.10469127 1.98489e-16
4648.62093675 2.11465e-16
4650.13718224 2.14156e-16
4651.65342772 2.09742e-16
4653.1696732 2.10481e-16
4654.68591869 2.122e-16
4656.20216417 2.07374e-16
4657.71840966 1.99362e-16
4659.23465514 1.99124e-16
4660.75090063 2.03259e-16
4662.26714611 2.09707e-16
4663.78339159 2.12058e-16
4665.29963708 2.19282e-16
4666.81588256 2.23034e-16
4668.33212805 2.21755e-16
4669.84837353 2.20437e-16
4671.36461902 2.19019e-16
4672.8808645 2.15598e-16
4674.39710999 2.09538e-16
4675.91335547 2.00281e-16
4677.42960095 1.91615e-16
4678.94584644 1.92351e-16
4680.46209192 1.98266e-16
4681.97833741 2.00428e-16
4683.49458289 1.98144e-16
4685.01082838 2.00992e-16
4686.52707386 2.06326e-16
4688.04331934 2.08595e-16
4689.55956483 2.06504e-16
4691.07581031 2.01151e-16
4692.5920558 2.01435e-16
4694.10830128 2.04211e-16
4695.62454677 2.09776e-16
4697.14079225 2.14268e-16
4698.65703773 2.08976e-16
4700.17328322 2.05671e-16
4701.6895287 1.94895e-16
4703.20577419 1.85376e-16
4704.72201967 1.80324e-16
4706.23826516 1.7854e-16
4707.75451064 1.82457e-16
4709.27075613 1.82134e-16
4710.78700161 1.88109e-16
4712.30324709 1.91713e-16
4713.81949258 1.99642e-16
4715.33573806 2.0313e-16
4716.85198355 2.02935e-16
4718.36822903 2.04216e-16
4719.88447452 2.00892e-16
4721.40072 2.02788e-16
4722.91696548 2.00168e-16
4724.43321097 1.96517e-16
4725.94945645 1.93487e-16
4727.46570194 1.90973e-16
4728.98194742 1.90632e-16
4730.49819291 1.84744e-16
4732.01443839 1.75586e-16
4733.53068388 1.77315e-16
4735.04692936 1.89145e-16
4736.56317484 2.03303e-16
4738.07942033 2.03672e-16
4739.59566581 1.95577e-16
4741.1119113 1.93079e-16
4742.62815678 1.94391e-16
4744.14440227 1.92969e-16
4745.66064775 1.80759e-16
4747.17689323 1.7993e-16
4748.69313872 1.86556e-16
4750.2093842 1.88666e-16
4751.72562969 1.86911e-16
4753.24187517 1.87968e-16
4754.75812066 1.99076e-16
4756.27436614 2.00734e-16
4757.79061162 1.88484e-16
4759.30685711 1.73272e-16
4760.82310259 1.73079e-16
4762.33934808 1.86091e-16
4763.85559356 1.9969e-16
4765.37183905 2.05318e-16
4766.88808453 2.03983e-16
4768.40433002 2.00534e-16
4769.9205755 2.01075e-16
4771.43682098 2.02193e-16
4772.95306647 2.06581e-16
4774.46931195 1.98711e-16
4775.98555744 1.89566e-16
4777.50180292 1.92872e-16
4779.01804841 1.99471e-16
4780.53429389 2.02187e-16
4782.05053937 1.96094e-16
4783.56678486 1.96244e-16
4785.08303034 2.07858e-16
4786.59927583 2.19762e-16
4788.11552131 2.17104e-16
4789.6317668 2.04628e-16
4791.14801228 1.88614e-16
4792.66425776 1.76823e-16
4794.18050325 1.77138e-16
4795.69674873 1.79137e-16
4797.21299422 1.79225e-16
4798.7292397 1.81789e-16
4800.24548519 1.92647e-16
4801.76173067 2.03967e-16
4803.27797616 1.97768e-16
4804.79422164 1.87679e-16
4806.31046712 1.89008e-16
4807.82671261 1.94425e-16
4809.34295809 1.90758e-16
4810.85920358 1.85375e-16
4812.37544906 1.83799e-16
4813.89169455 1.82864e-16
4815.40794003 1.84015e-16
4816.92418551 1.89175e-16
4818.440431 1.90115e-16
4819.95667648 1.88804e-16
4821.47292197 1.96998e-16
4822.98916745 2.11233e-16
4824.50541294 2.13776e-16
4826.02165842 2.08904e-16
4827.5379039 2.0496e-16
4829.05414939 1.99784e-16
4830.57039487 1.91874e-16
4832.08664036 1.80094e-16
4833.60288584 1.74992e-16
4835.11913133 1.73662e-16
4836.63537681 1.76127e-16
4838.1516223 1.82189e-16
4839.66786778 1.81261e-16
4841.18411326 1.77555e-16
4842.70035875 1.79941e-16
4844.21660423 1.91642e-16
4845.73284972 1.97155e-16
4847.2490952 1.89646e-16
4848.76534069 1.74962e-16
4850.28158617 1.72603e-16
4851.79783165 1.74105e-16
4853.31407714 1.75162e-16
4854.83032262 1.7791e-16
4856.34656811 1.88814e-16
4857.86281359 2.01438e-16
4859.37905908 2.08516e-16
4860.89530456 2.13608e-16
4862.41155005 2.1476e-16
4863.92779553 2.08331e-16
4865.44404101 1.99482e-16
4866.9602865 1.9401e-16
4868.47653198 1.94786e-16
4869.99277747 1.90805e-16
4871.50902295 1.8423e-16
4873.02526844 1.78464e-16
4874.54151392 1.76656e-16
4876.0577594 1.78885e-16
4877.57400489 1.84908e-16
4879.09025037 1.91402e-16
4880.60649586 1.92238e-16
4882.12274134 1.91361e-16
4883.63898683 1.88513e-16
4885.15523231 1.88762e-16
4886.67147779 1.86274e-16
4888.18772328 1.84412e-16
4889.70396876 1.83199e-16
4891.22021425 1.86644e-16
4892.73645973 1.87975e-16
4894.25270522 1.85664e-16
4895.7689507 1.8549e-16
4897.28519619 1.90243e-16
4898.80144167 1.99853e-16
4900.31768715 2.06536e-16
4901.83393264 2.01236e-16
4903.35017812 1.95013e-16
4904.86642361 2.0144e-16
4906.38266909 2.12737e-16
4907.89891458 2.10796e-16
4909.41516006 1.92896e-16
4910.93140554 1.81771e-16
4912.44765103 1.85024e-16
4913.96389651 1.93007e-16
4915.480142 1.98326e-16
4916.99638748 2.01238e-16
4918.51263297 2.11753e-16
4920.02887845 2.1934e-16
4921.54512393 2.15521e-16
4923.06136942 2.0458e-16
4924.5776149 1.9093e-16
4926.09386039 1.79973e-16
4927.61010587 1.76904e-16
4929.12635136 1.84964e-16
4930.64259684 1.9481e-16
4932.15884233 1.87827e-16
4933.67508781 1.82727e-16
4935.19133329 1.89503e-16
4936.70757878 1.92135e-16
4938.22382426 1.8578e-16
4939.74006975 1.78788e-16
4941.25631523 1.7938e-16
4942.77256072 1.79093e-16
4944.2888062 1.76496e-16
4945.80505168 1.85662e-16
4947.32129717 1.89425e-16
4948.83754265 1.90846e-16
4950.35378814 1.88662e-16
4951.87003362 1.92883e-16
4953.38627911 1.94404e-16
4954.90252459 1.90442e-16
4956.41877007 1.89126e-16
4957.93501556 1.8849e-16
4959.45126104 1.89086e-16
4960.96750653 1.91025e-16
4962.48375201 1.92343e-16
4963.9999975 1.87432e-16
4965.51624298 1.74508e-16
4967.03248847 1.60621e-16
4968.54873395 1.60627e-16
4970.06497943 1.82126e-16
4971.58122492 2.06563e-16
4973.0974704 2.1075e-16
4974.61371589 1.9396e-16
4976.12996137 1.82777e-16
4977.64620686 1.84493e-16
4979.16245234 1.87808e-16
4980.67869782 1.90151e-16
4982.19494331 1.85404e-16
4983.71118879 1.76828e-16
4985.22743428 1.71657e-16
4986.74367976 1.8009e-16
4988.25992525 1.9085e-16
4989.77617073 1.87283e-16
4991.29241621 1.77137e-16
4992.8086617 1.80489e-16
4994.32490718 1.90121e-16
4995.84115267 1.88606e-16
4997.35739815 1.83081e-16
4998.87364364 1.79927e-16
5000.38988912 1.84038e-16
5001.90613461 1.8132e-16
5003.42238009 1.81449e-16
5004.93862557 1.76967e-16
5006.45487106 1.74243e-16
5007.97111654 1.78067e-16
5009.48736203 1.80358e-16
5011.00360751 1.83418e-16
5012.519853 1.78685e-16
5014.03609848 1.76938e-16
5015.55234396 1.74404e-16
5017.06858945 1.74917e-16
5018.58483493 1.86631e-16
5020.10108042 1.95171e-16
5021.6173259 1.90328e-16
5023.13357139 1.78977e-16
5024.64981687 1.72881e-16
5026.16606236 1.71303e-16
5027.68230784 1.72797e-16
5029.19855332 1.7535e-16
5030.71479881 1.86076e-16
5032.23104429 2.06599e-16
5033.74728978 2.19963e-16
5035.26353526 2.23763e-16
5036.77978075 2.18904e-16
5038.29602623 2.17387e-16
5039.81227171 2.16338e-16
5041.3285172 2.08407e-16
5042.84476268 1.9859e-16
5044.36100817 1.87591e-16
5045.87725365 1.72406e-16
5047.39349914 1.68807e-16
5048.90974462 1.71193e-16
5050.4259901 1.7002e-16
5051.94223559 1.60515e-16
5053.45848107 1.52586e-16
5054.97472656 1.61292e-16
5056.49097204 1.70066e-16
5058.00721753 1.71321e-16
5059.52346301 1.67776e-16
5061.0397085 1.65048e-16
5062.55595398 1.63959e-16
5064.07219946 1.61384e-16
5065.58844495 1.62005e-16
5067.10469043 1.65236e-16
5068.62093592 1.6604e-16
5070.1371814 1.6494e-16
5071.65342689 1.6646e-16
5073.16967237 1.69267e-16
5074.68591785 1.71501e-16
5076.20216334 1.81228e-16
5077.71840882 1.90481e-16
5079.23465431 1.89653e-16
5080.75089979 1.81122e-16
5082.26714528 1.77623e-16
5083.78339076 1.82721e-16
5085.29963624 1.85292e-16
5086.81588173 1.84298e-16
5088.33212721 1.81053e-16
5089.8483727 1.77955e-16
5091.36461818 1.72899e-16
5092.88086367 1.6999e-16
5094.39710915 1.64983e-16
5095.91335464 1.63047e-16
5097.42960012 1.66885e-16
5098.9458456 1.72721e-16
5100.46209109 1.79896e-16
5101.97833657 1.84607e-16
5103.49458206 1.77467e-16
5105.01082754 1.71009e-16
5106.52707303 1.7166e-16
5108.04331851 1.79351e-16
5109.55956399 1.81971e-16
5111.07580948 1.75691e-16
5112.59205496 1.74176e-16
5114.10830045 1.81744e-16
5115.62454593 1.82544e-16
5117.14079142 1.76484e-16
5118.6570369 1.65609e-16
5120.17328238 1.54617e-16
5121.68952787 1.47368e-16
5123.20577335 1.49578e-16
5124.72201884 1.67569e-16
5126.23826432 1.89031e-16
5127.75450981 1.95865e-16
5129.27075529 1.97024e-16
5130.78700078 1.99513e-16
5132.30324626 1.93804e-16
5133.81949174 1.81194e-16
5135.33573723 1.72237e-16
5136.85198271 1.77123e-16
5138.3682282 1.87137e-16
5139.88447368 1.90229e-16
5141.40071917 1.88082e-16
5142.91696465 1.8325e-16
5144.43321013 1.76989e-16
5145.94945562 1.77407e-16
5147.4657011 1.74937e-16
5148.98194659 1.70227e-16
5150.49819207 1.61459e-16
5152.01443756 1.56362e-16
5153.53068304 1.60808e-16
5155.04692852 1.60654e-16
5156.56317401 1.54872e-16
5158.07941949 1.53022e-16
5159.59566498 1.63293e-16
5161.11191046 1.77471e-16
5162.62815595 1.82485e-16
5164.14440143 1.82676e-16
5165.66064692 1.76783e-16
5167.1768924 1.71252e-16
5168.69313788 1.66992e-16
5170.20938337 1.67279e-16
5171.72562885 1.64635e-16
5173.24187434 1.5965e-16
5174.75811982 1.63966e-16
5176.27436531 1.73216e-16
5177.79061079 1.76111e-16
5179.30685627 1.75975e-16
5180.82310176 1.81615e-16
5182.33934724 1.93629e-16
5183.85559273 2.02705e-16
5185.37183821 2.0237e-16
5186.8880837 1.97075e-16
5188.40432918 1.92918e-16
5189.92057467 1.92939e-16
5191.43682015 1.94871e-16
5192.95306563 1.88594e-16
5194.46931112 1.78642e-16
5195.9855566 1.73876e-16
5197.50180209 1.72417e-16
5199.01804757 1.71819e-16
5200.53429306 1.69446e-16
5202.05053854 1.64558e-16
5203.56678402 1.59452e-16
5205.08302951 1.60834e-16
5206.59927499 1.70348e-16
5208.11552048 1.74201e-16
5209.63176596 1.65407e-16
5211.14801145 1.57759e-16
5212.66425693 1.56997e-16
5214.18050241 1.52672e-16
5215.6967479 1.46418e-16
5217.21299338 1.4699e-16
5218.72923887 1.53684e-16
5220.24548435 1.58207e-16
5221.76172984 1.57875e-16
5223.27797532 1.60105e-16
5224.79422081 1.59087e-16
5226.31046629 1.5701e-16
5227.82671177 1.61583e-16
5229.34295726 1.69872e-16
5230.85920274 1.76273e-16
5232.37544823 1.7837e-16
5233.89169371 1.79764e-16
5235.4079392 1.77927e-16
5236.92418468 1.77155e-16
5238.44043016 1.76131e-16
5239.95667565 1.73326e-16
5241.47292113 1.74174e-16
5242.98916662 1.77978e-16
5244.5054121 1.82302e-16
5246.02165759 1.81163e-16
5247.53790307 1.77361e-16
5249.05414855 1.7469e-16
5250.57039404 1.72678e-16
5252.08663952 1.75158e-16
5253.60288501 1.80244e-16
5255.11913049 1.77655e-16
5256.63537598 1.70907e-16
5258.15162146 1.67559e-16
5259.66786695 1.68498e-16
5261.18411243 1.66232e-16
5262.70035791 1.61636e-16
5264.2166034 1.62016e-16
5265.73284888 1.65445e-16
5267.24909437 1.65799e-16
5268.76533985 1.66237e-16
5270.28158534 1.6835e-16
5271.79783082 1.70553e-16
5273.3140763 1.73047e-16
5274.83032179 1.79462e-16
5276.34656727 1.8326e-16
5277.86281276 1.76838e-16
5279.37905824 1.67833e-16
5280.89530373 1.63702e-16
5282.41154921 1.62695e-16
5283.92779469 1.60701e-16
5285.44404018 1.66552e-16
5286.96028566 1.7725e-16
5288.47653115 1.81299e-16
5289.99277663 1.80505e-16
5291.50902212 1.70714e-16
5293.0252676 1.64973e-16
5294.54151309 1.6062e-16
5296.05775857 1.60753e-16
5297.57400405 1.56545e-16
5299.09024954 1.46604e-16
5300.60649502 1.46408e-16
5302.12274051 1.5648e-16
5303.63898599 1.69214e-16
5305.15523148 1.72272e-16
5306.67147696 1.71855e-16
5308.18772244 1.77412e-16
5309.70396793 1.82388e-16
5311.22021341 1.79497e-16
5312.7364589 1.76932e-16
5314.25270438 1.78674e-16
5315.76894987 1.83333e-16
5317.28519535 1.81391e-16
5318.80144084 1.73716e-16
5320.31768632 1.68077e-16
5321.8339318 1.62619e-16
5323.35017729 1.60978e-16
5324.86642277 1.61597e-16
5326.38266826 1.62529e-16
5327.89891374 1.65881e-16
5329.41515923 1.71984e-16
5330.93140471 1.70333e-16
5332.44765019 1.67942e-16
5333.96389568 1.63074e-16
5335.48014116 1.57756e-16
5336.99638665 1.53357e-16
5338.51263213 1.5094e-16
5340.02887762 1.56015e-16
5341.5451231 1.62302e-16
5343.06136858 1.66047e-16
5344.57761407 1.65755e-16
5346.09385955 1.58587e-16
5347.61010504 1.48064e-16
5349.12635052 1.42529e-16
5350.64259601 1.42428e-16
5352.15884149 1.42435e-16
5353.67508698 1.38459e-16
5355.19133246 1.35425e-16
5356.70757794 1.39795e-16
5358.22382343 1.52203e-16
5359.74006891 1.60389e-16
5361.2563144 1.58136e-16
5362.77255988 1.53316e-16
5364.28880537 1.52497e-16
5365.80505085 1.53679e-16
5367.32129633 1.52457e-16
5368.83754182 1.50316e-16
5370.3537873 1.53798e-16
5371.87003279 1.55883e-16
5373.38627827 1.54632e-16
5374.90252376 1.55156e-16
5376.41876924 1.55982e-16
5377.93501472 1.54506e-16
5379.45126021 1.52524e-16
5380.96750569 1.55191e-16
5382.48375118 1.61012e-16
5383.99999666 1.64478e-16
5385.51624215 1.65192e-16
5387.03248763 1.66044e-16
5388.54873312 1.65786e-16
5390.0649786 1.62938e-16
5391.58122408 1.60725e-16
5393.09746957 1.58571e-16
5394.61371505 1.56843e-16
5396.12996054 1.5651e-16
5397.64620602 1.54217e-16
5399.16245151 1.4838e-16
5400.67869699 1.48513e-16
5402.19494247 1.54451e-16
5403.71118796 1.59455e-16
5405.22743344 1.55886e-16
5406.74367893 1.51534e-16
5408.25992441 1.53851e-16
5409.7761699 1.56232e-16
5411.29241538 1.6067e-16
5412.80866086 1.65411e-16
5414.32490635 1.67153e-16
5415.84115183 1.63907e-16
5417.35739732 1.58576e-16
5418.8736428 1.54821e-16
5420.38988829 1.55331e-16
5421.90613377 1.5478e-16
5423.42237926 1.47436e-16
5424.93862474 1.37161e-16
5426.45487022 1.40392e-16
5427.97111571 1.57458e-16
5429.48736119 1.70617e-16
5431.00360668 1.71099e-16
5432.51985216 1.66901e-16
5434.03609765 1.66451e-16
5435.55234313 1.63835e-16
5437.06858861 1.6037e-16
5438.5848341 1.63806e-16
5440.10107958 1.67614e-16
5441.61732507 1.71087e-16
5443.13357055 1.65755e-16
5444.64981604 1.60644e-16
5446.16606152 1.58775e-16
5447.682307 1.61426e-16
5449.19855249 1.61355e-16
5450.71479797 1.56128e-16
5452.23104346 1.47052e-16
5453.74728894 1.43789e-16
5455.26353443 1.46271e-16
5456.77977991 1.47471e-16
5458.2960254 1.46675e-16
5459.81227088 1.48908e-16
5461.32851636 1.60488e-16
5462.84476185 1.71905e-16
5464.36100733 1.72467e-16
5465.87725282 1.72781e-16
5467.3934983 1.74985e-16
5468.90974379 1.71265e-16
5470.42598927 1.6109e-16
5471.94223475 1.56059e-16
5473.45848024 1.58189e-16
5474.97472572 1.55854e-16
5476.49097121 1.52864e-16
5478.00721669 1.58147e-16
5479.52346218 1.67026e-16
5481.03970766 1.70848e-16
5482.55595315 1.69185e-16
5484.07219863 1.65445e-16
5485.58844411 1.6304e-16
5487.1046896 1.6147e-16
5488.62093508 1.54805e-16
5490.13718057 1.48081e-16
5491.65342605 1.44977e-16
5493.16967154 1.50554e-16
5494.68591702 1.57817e-16
5496.2021625 1.62571e-16
5497.71840799 1.66768e-16
5499.23465347 1.68804e-16
5500.75089896 1.72104e-16
5502.26714444 1.72405e-16
5503.78338993 1.72296e-16
5505.29963541 1.67248e-16
5506.81588089 1.6e-16
5508.33212638 1.5533e-16
5509.84837186 1.56576e-16
5511.36461735 1.62001e-16
5512.88086283 1.62471e-16
5514.39710832 1.62848e-16
5515.9133538 1.60984e-16
5517.42959929 1.55375e-16
5518.94584477 1.50441e-16
5520.46209025 1.55395e-16
5521.97833574 1.66268e-16
5523.49458122 1.67817e-16
5525.01082671 1.61704e-16
5526.52707219 1.59902e-16
5528.04331768 1.63111e-16
5529.55956316 1.67143e-16
5531.07580864 1.63759e-16
5532.59205413 1.59161e-16
5534.10829961 1.58522e-16
5535.6245451 1.61537e-16
5537.14079058 1.6869e-16
5538.65703607 1.67749e-16
5540.17328155 1.61253e-16
5541.68952703 1.53944e-16
5543.20577252 1.48278e-16
5544.722018 1.51368e-16
5546.23826349 1.53666e-16
5547.75450897 1.57864e-16
5549.27075446 1.59564e-16
5550.78699994 1.58608e-16
5552.30324543 1.60689e-16
5553.81949091 1.65531e-16
5555.33573639 1.7103e-16
5556.85198188 1.67036e-16
5558.36822736 1.60073e-16
5559.88447285 1.57157e-16
5561.40071833 1.56858e-16
5562.91696382 1.55674e-16
5564.4332093 1.56464e-16
5565.94945478 1.60745e-16
5567.46570027 1.64606e-16
5568.98194575 1.63774e-16
5570.49819124 1.62943e-16
5572.01443672 1.62113e-16
5573.53068221 1.61282e-16
5575.04692769 1.60452e-16
5576.56317317 1.59622e-16
5578.07941866 1.58792e-16
5579.59566414 1.57963e-16
5581.11190963 1.57134e-16
5582.62815511 1.56305e-16
5584.1444006 1.55476e-16
5585.66064608 1.54647e-16
5587.17689157 1.53819e-16
5588.69313705 1.52991e-16
5590.20938253 1.52164e-16
5591.72562802 1.51336e-16
5593.2418735 1.50509e-16
5594.75811899 1.50323e-16
5596.27436447 1.5613e-16
5597.79060996 1.6407e-16
5599.30685544 1.65225e-16
5600.82310092 1.61006e-16
5602.33934641 1.6097e-16
5603.85559189 1.65217e-16
5605.37183738 1.69454e-16
5606.88808286 1.66694e-16
5608.40432835 1.62962e-16
5609.92057383 1.5861e-16
5611.43681931 1.57759e-16
5612.9530648 1.60448e-16
5614.46931028 1.60101e-16
5615.98555577 1.6128e-16
5617.50180125 1.66626e-16
5619.01804674 1.71783e-16
5620.53429222 1.68701e-16
5622.05053771 1.61627e-16
5623.56678319 1.58181e-16
5625.08302867 1.53308e-16
5626.59927416 1.51538e-16
5628.11551964 1.58362e-16
5629.63176513 1.70064e-16
5631.14801061 1.74085e-16
5632.6642561 1.66622e-16
5634.18050158 1.57927e-16
5635.69674706 1.5268e-16
5637.21299255 1.51732e-16
5638.72923803 1.56267e-16
5640.24548352 1.57927e-16
5641.761729 1.55009e-16
5643.27797449 1.49588e-16
5644.79421997 1.48161e-16
5646.31046546 1.52199e-16
5647.82671094 1.56357e-16
5649.34295642 1.56504e-16
5650.85920191 1.57009e-16
5652.37544739 1.60872e-16
5653.89169288 1.66325e-16
5655.40793836 1.71265e-16
5656.92418385 1.71652e-16
5658.44042933 1.65447e-16
5659.95667481 1.58364e-16
5661.4729203 1.56894e-16
5662.98916578 1.6286e-16
5664.50541127 1.66752e-16
5666.02165675 1.63841e-16
5667.53790224 1.57004e-16
5669.05414772 1.54352e-16
5670.5703932 1.52586e-16
5672.08663869 1.57314e-16
5673.60288417 1.59533e-16
5675.11912966 1.56404e-16
5676.63537514 1.52179e-16
5678.15162063 1.50777e-16
5679.66786611 1.57486e-16
5681.1841116 1.61827e-16
5682.70035708 1.60528e-16
5684.21660256 1.58e-16
5685.73284805 1.5689e-16
5687.24909353 1.55998e-16
5688.76533902 1.53482e-16
5690.2815845 1.52982e-16
5691.79782999 1.57683e-16
5693.31407547 1.62872e-16
5694.83032095 1.6277e-16
5696.34656644 1.58443e-16
5697.86281192 1.60319e-16
5699.37905741 1.67918e-16
5700.89530289 1.69056e-16
5702.41154838 1.60638e-16
5703.92779386 1.53234e-16
5705.44403934 1.53585e-16
5706.96028483 1.5355e-16
5708.47653031 1.49468e-16
5709.9927758 1.47548e-16
5711.50902128 1.50053e-16
5713.02526677 1.53733e-16
5714.54151225 1.55382e-16
5716.05775774 1.56166e-16
5717.57400322 1.55375e-16
5719.0902487 1.54763e-16
5720.60649419 1.56092e-16
5722.12273967 1.58412e-16
5723.63898516 1.62909e-16
5725.15523064 1.67874e-16
5726.67147613 1.65707e-16
5728.18772161 1.55895e-16
5729.70396709 1.47087e-16
5731.22021258 1.50051e-16
5732.73645806 1.57471e-16
5734.25270355 1.62578e-16
5735.76894903 1.66557e-16
5737.28519452 1.67373e-16
5738.80144 1.65669e-16
5740.31768548 1.59625e-16
5741.83393097 1.55048e-16
5743.35017645 1.52965e-16
5744.86642194 1.54529e-16
5746.38266742 1.63043e-16
5747.89891291 1.71573e-16
5749.41515839 1.72937e-16
5750.93140388 1.65432e-16
5752.44764936 1.58262e-16
5753.96389484 1.55183e-16
5755.48014033 1.53663e-16
5756.99638581 1.55066e-16
5758.5126313 1.58196e-16
5760.02887678 1.6244e-16
5761.54512227 1.63852e-16
5763.06136775 1.65141e-16
5764.57761323 1.62759e-16
5766.09385872 1.57051e-16
5767.6101042 1.5348e-16
5769.12634969 1.53034e-16
5770.64259517 1.54586e-16
5772.15884066 1.58989e-16
5773.67508614 1.65888e-16
5775.19133162 1.67378e-16
5776.70757711 1.63059e-16
5778.22382259 1.58138e-16
5779.74006808 1.57503e-16
5781.25631356 1.5832e-16
5782.77255905 1.56588e-16
5784.28880453 1.50451e-16
5785.80505002 1.42965e-16
5787.3212955 1.38406e-16
5788.83754098 1.41635e-16
5790.35378647 1.48558e-16
5791.87003195 1.5224e-16
5793.38627744 1.53321e-16
5794.90252292 1.50318e-16
5796.41876841 1.50103e-16
5797.93501389 1.53712e-16
5799.45125937 1.57926e-16
5800.96750486 1.59698e-16
5802.48375034 1.53015e-16
5803.99999583 1.45458e-16
5805.51624131 1.45947e-16
5807.0324868 1.48828e-16
5808.54873228 1.48259e-16
5810.06497777 1.45614e-16
5811.58122325 1.48839e-16
5813.09746873 1.5709e-16
5814.61371422 1.60944e-16
5816.1299597 1.56896e-16
5817.64620519 1.51261e-16
5819.16245067 1.44112e-16
5820.67869616 1.38609e-16
5822.19494164 1.39368e-16
5823.71118712 1.47798e-16
5825.22743261 1.59852e-16
5826.74367809 1.65904e-16
5828.25992358 1.59394e-16
5829.77616906 1.49708e-16
5831.29241455 1.49928e-16
5832.80866003 1.57636e-16
5834.32490551 1.62331e-16
5835.841151 1.55053e-16
5837.35739648 1.49902e-16
5838.87364197 1.52294e-16
5840.38988745 1.55265e-16
5841.90613294 1.52499e-16
5843.42237842 1.50767e-16
5844.93862391 1.57263e-16
5846.45486939 1.66738e-16
5847.97111487 1.7102e-16
5849.48736036 1.6583e-16
5851.00360584 1.58566e-16
5852.51985133 1.51407e-16
5854.03609681 1.45754e-16
5855.5523423 1.47582e-16
5857.06858778 1.55177e-16
5858.58483326 1.62579e-16
5860.10107875 1.61764e-16
5861.61732423 1.55585e-16
5863.13356972 1.53731e-16
5864.6498152 1.57381e-16
5866.16606069 1.61449e-16
5867.68230617 1.5828e-16
5869.19855165 1.50871e-16
5870.71479714 1.46726e-16
5872.23104262 1.45089e-16
5873.74728811 1.43486e-16
5875.26353359 1.42997e-16
5876.77977908 1.4619e-16
5878.29602456 1.51734e-16
5879.81227005 1.55961e-16
5881.32851553 1.58865e-16
5882.84476101 1.61682e-16
5884.3610065 1.61777e-16
5885.87725198 1.57808e-16
5887.39349747 1.54277e-16
5888.90974295 1.53916e-16
5890.42598844 1.58999e-16
5891.94223392 1.56183e-16
5893.4584794 1.45255e-16
5894.97472489 1.32888e-16
5896.49097037 1.26391e-16
5898.00721586 1.31629e-16
5899.52346134 1.37668e-16
5901.03970683 1.37507e-16
5902.55595231 1.32783e-16
5904.07219779 1.31207e-16
5905.58844328 1.41703e-16
5907.10468876 1.53571e-16
5908.62093425 1.58718e-16
5910.13717973 1.57883e-16
5911.65342522 1.50996e-16
5913.1696707 1.43832e-16
5914.68591619 1.40099e-16
5916.20216167 1.42983e-16
5917.71840715 1.48101e-16
5919.23465264 1.52419e-16
5920.75089812 1.5883e-16
5922.26714361 1.65803e-16
5923.78338909 1.66434e-16
5925.29963458 1.6168e-16
5926.81588006 1.5705e-16
5928.33212554 1.56545e-16
5929.84837103 1.58244e-16
5931.36461651 1.57501e-16
5932.880862 1.52975e-16
5934.39710748 1.48586e-16
5935.91335297 1.47273e-16
5937.42959845 1.47456e-16
5938.94584394 1.48834e-16
5940.46208942 1.50404e-16
5941.9783349 1.49581e-16
5943.49458039 1.45599e-16
5945.01082587 1.38664e-16
5946.52707136 1.37363e-16
5948.04331684 1.42656e-16
5949.55956233 1.48295e-16
5951.07580781 1.55623e-16
5952.59205329 1.57854e-16
5954.10829878 1.58139e-16
5955.62454426 1.50351e-16
5957.14078975 1.41245e-16
5958.65703523 1.39056e-16
5960.17328072 1.44955e-16
5961.6895262 1.51017e-16
5963.20577168 1.53408e-16
5964.72201717 1.54151e-16
5966.23826265 1.55493e-16
5967.75450814 1.58577e-16
5969.27075362 1.62751e-16
5970.78699911 1.60807e-16
5972.30324459 1.53543e-16
5973.81949008 1.51085e-16
5975.33573556 1.54371e-16
5976.85198104 1.56262e-16
5978.36822653 1.50246e-16
5979.88447201 1.43014e-16
5981.4007175 1.43824e-16
5982.91696298 1.50939e-16
5984.43320847 1.54793e-16
5985.94945395 1.51121e-16
5987.46569943 1.45538e-16
5988.98194492 1.47234e-16
5990.4981904 1.51008e-16
5992.01443589 1.52756e-16
5993.53068137 1.50922e-16
5995.04692686 1.48511e-16
5996.56317234 1.47914e-16
5998.07941782 1.48373e-16
5999.59566331 1.50296e-16
6001.11190879 1.49934e-16
6002.62815428 1.49147e-16
6004.14439976 1.50627e-16
6005.66064525 1.53409e-16
6007.17689073 1.56735e-16
6008.69313622 1.56053e-16
6010.2093817 1.52161e-16
6011.72562718 1.5136e-16
6013.24187267 1.55826e-16
6014.75811815 1.59498e-16
6016.27436364 1.54282e-16
6017.79060912 1.50152e-16
6019.30685461 1.51983e-16
6020.82310009 1.53276e-16
6022.33934557 1.5231e-16
6023.85559106 1.4634e-16
6025.37183654 1.42674e-16
6026.88808203 1.42946e-16
6028.40432751 1.48454e-16
6029.920573 1.57822e-16
6031.43681848 1.56737e-16
6032.95306396 1.47105e-16
6034.46930945 1.42304e-16
6035.98555493 1.44238e-16
6037.50180042 1.48044e-16
6039.0180459 1.49723e-16
6040.53429139 1.53995e-16
6042.05053687 1.581e-16
6043.56678236 1.54672e-16
6045.08302784 1.52469e-16
6046.59927332 1.55237e-16
6048.11551881 1.55433e-16
6049.63176429 1.50308e-16
6051.14800978 1.46135e-16
6052.66425526 1.48238e-16
6054.18050075 1.51495e-16
6055.69674623 1.48884e-16
6057.21299171 1.42296e-16
6058.7292372 1.39506e-16
6060.24548268 1.43014e-16
6061.76172817 1.49732e-16
6063.27797365 1.50294e-16
6064.79421914 1.43305e-16
6066.31046462 1.39997e-16
6067.8267101 1.44788e-16
6069.34295559 1.51544e-16
6070.85920107 1.52351e-16
6072.37544656 1.47228e-16
6073.89169204 1.41727e-16
6075.40793753 1.42283e-16
6076.92418301 1.46817e-16
6078.4404285 1.53922e-16
6079.95667398 1.57034e-16
6081.47291946 1.56301e-16
6082.98916495 1.56214e-16
6084.50541043 1.59274e-16
6086.02165592 1.61959e-16
6087.5379014 1.59449e-16
6089.05414689 1.52372e-16
6090.57039237 1.45929e-16
6092.08663785 1.4554e-16
6093.60288334 1.50851e-16
6095.11912882 1.516e-16
6096.63537431 1.45828e-16
6098.15161979 1.37132e-16
6099.66786528 1.32328e-16
6101.18411076 1.301e-16
6102.70035625 1.2822e-16
6104.21660173 1.3047e-16
6105.73284721 1.34705e-16
6107.2490927 1.37003e-16
6108.76533818 1.3602e-16
6110.28158367 1.35173e-16
6111.79782915 1.40084e-16
6113.31407464 1.44979e-16
6114.83032012 1.4231e-16
6116.3465656 1.37938e-16
6117.86281109 1.37686e-16
6119.37905657 1.43273e-16
6120.89530206 1.49579e-16
6122.41154754 1.531e-16
6123.92779303 1.54321e-16
6125.44403851 1.48564e-16
6126.96028399 1.43437e-16
6128.47652948 1.45081e-16
6129.99277496 1.50389e-16
6131.50902045 1.49987e-16
6133.02526593 1.46703e-16
6134.54151142 1.42597e-16
6136.0577569 1.41479e-16
6137.57400239 1.4618e-16
6139.09024787 1.51028e-16
6140.60649335 1.53403e-16
6142.12273884 1.47555e-16
6143.63898432 1.43484e-16
6145.15522981 1.4405e-16
6146.67147529 1.44612e-16
6148.18772078 1.44422e-16
6149.70396626 1.40226e-16
6151.22021174 1.35549e-16
6152.73645723 1.34434e-16
6154.25270271 1.37014e-16
6155.7689482 1.39298e-16
6157.28519368 1.38816e-16
6158.80143917 1.40074e-16
6160.31768465 1.42217e-16
6161.83393013 1.42073e-16
6163.35017562 1.4167e-16
6164.8664211 1.42494e-16
6166.38266659 1.43632e-16
6167.89891207 1.42213e-16
6169.41515756 1.41782e-16
6170.93140304 1.44327e-16
6172.44764853 1.44983e-16
6173.96389401 1.45734e-16
6175.48013949 1.49993e-16
6176.99638498 1.54395e-16
6178.51263046 1.5627e-16
6180.02887595 1.55671e-16
6181.54512143 1.5472e-16
6183.06136692 1.5368e-16
6184.5776124 1.5171e-16
6186.09385788 1.56528e-16
6187.61010337 1.63352e-16
6189.12634885 1.56741e-16
6190.64259434 1.37502e-16
6192.15883982 1.24646e-16
6193.67508531 1.31163e-16
6195.19133079 1.50584e-16
6196.70757627 1.6532e-16
6198.22382176 1.65728e-16
6199.74006724 1.56446e-16
6201.25631273 1.4838e-16
6202.77255821 1.4652e-16
6204.2888037 1.4595e-16
6205.80504918 1.41236e-16
6207.32129467 1.36815e-16
6208.83754015 1.36755e-16
6210.35378563 1.37625e-16
6211.87003112 1.37691e-16
6213.3862766 1.39242e-16
6214.90252209 1.42669e-16
6216.41876757 1.45595e-16
6217.93501306 1.45203e-16
6219.45125854 1.43904e-16
6220.96750402 1.44976e-16
6222.48374951 1.42862e-16
6223.99999499 1.42313e-16
6225.51624048 1.45671e-16
6227.03248596 1.52667e-16
6228.54873145 1.56419e-16
6230.06497693 1.51211e-16
6231.58122241 1.44094e-16
6233.0974679 1.37427e-16
6234.61371338 1.35253e-16
6236.12995887 1.36513e-16
6237.64620435 1.39119e-16
6239.16244984 1.42014e-16
6240.67869532 1.4437e-16
6242.19494081 1.41992e-16
6243.71118629 1.40034e-16
6245.22743177 1.40497e-16
6246.74367726 1.41175e-16
6248.25992274 1.38205e-16
6249.77616823 1.33236e-16
6251.29241371 1.35529e-16
6252.8086592 1.41368e-16
6254.32490468 1.44518e-16
6255.84115016 1.43706e-16
6257.35739565 1.4217e-16
6258.87364113 1.42851e-16
6260.38988662 1.40256e-16
6261.9061321 1.33991e-16
6263.42237759 1.32236e-16
6264.93862307 1.39672e-16
6266.45486856 1.47632e-16
6267.97111404 1.46292e-16
6269.48735952 1.41326e-16
6271.00360501 1.41697e-16
6272.51985049 1.46241e-16
6274.03609598 1.47576e-16
6275.55234146 1.46538e-16
6277.06858695 1.44871e-16
6278.58483243 1.41366e-16
6280.10107791 1.374e-16
6281.6173234 1.37297e-16
6283.13356888 1.41867e-16
6284.64981437 1.45142e-16
6286.16605985 1.45028e-16
6287.68230534 1.45765e-16
6289.19855082 1.46605e-16
6290.7147963 1.4731e-16
6292.23104179 1.52401e-16
6293.74728727 1.57321e-16
6295.26353276 1.59547e-16
6296.77977824 1.59986e-16
6298.29602373 1.60896e-16
6299.81226921 1.61535e-16
6301.3285147 1.53433e-16
6302.84476018 1.42122e-16
6304.36100566 1.33323e-16
6305.87725115 1.28684e-16
6307.39349663 1.27282e-16
6308.90974212 1.27851e-16
6310.4259876 1.30047e-16
6311.94223309 1.34308e-16
6313.45847857 1.34558e-16
6314.97472405 1.31065e-16
6316.49096954 1.29065e-16
6318.00721502 1.34553e-16
6319.52346051 1.45601e-16
6321.03970599 1.53859e-16
6322.55595148 1.52535e-16
6324.07219696 1.42795e-16
6325.58844244 1.36064e-16
6327.10468793 1.37524e-16
6328.62093341 1.43591e-16
6330.1371789 1.44351e-16
6331.65342438 1.38167e-16
6333.16966987 1.34394e-16
6334.68591535 1.33822e-16
6336.20216084 1.37079e-16
6337.71840632 1.37651e-16
6339.2346518 1.37318e-16
6340.75089729 1.36636e-16
6342.26714277 1.32568e-16
6343.78338826 1.31376e-16
6345.29963374 1.34898e-16
6346.81587923 1.40252e-16
6348.33212471 1.38796e-16
6349.84837019 1.34898e-16
6351.36461568 1.34765e-16
6352.88086116 1.34939e-16
6354.39710665 1.31665e-16
6355.91335213 1.31625e-16
6357.42959762 1.38067e-16
6358.9458431 1.483e-16
6360.46208858 1.56045e-16
6361.97833407 1.57192e-16
6363.49457955 1.50464e-16
6365.01082504 1.42738e-16
6366.52707052 1.40498e-16
6368.04331601 1.39211e-16
6369.55956149 1.33614e-16
6371.07580698 1.28357e-16
6372.59205246 1.31847e-16
6374.10829794 1.3685e-16
6375.62454343 1.35616e-16
6377.14078891 1.2979e-16
6378.6570344 1.26476e-16
6380.17327988 1.26868e-16
6381.68952537 1.29096e-16
6383.20577085 1.30161e-16
6384.72201633 1.31698e-16
6386.23826182 1.36426e-16
6387.7545073 1.38557e-16
6389.27075279 1.36189e-16
6390.78699827 1.27961e-16
6392.30324376 1.22259e-16
6393.81948924 1.24018e-16
6395.33573473 1.28058e-16
6396.85198021 1.31368e-16
6398.36822569 1.31352e-16
6399.88447118 1.27699e-16
6401.40071666 1.25779e-16
6402.91696215 1.30287e-16
6404.43320763 1.36746e-16
6405.94945312 1.3972e-16
6407.4656986 1.36738e-16
6408.98194408 1.31689e-16
6410.49818957 1.30965e-16
6412.01443505 1.33157e-16
6413.53068054 1.36909e-16
6415.04692602 1.36513e-16
6416.56317151 1.34203e-16
6418.07941699 1.30743e-16
6419.59566247 1.30739e-16
6421.11190796 1.29625e-16
6422.62815344 1.26055e-16
6424.14439893 1.23363e-16
6425.66064441 1.21837e-16
6427.1768899 1.23805e-16
6428.69313538 1.26475e-16
6430.20938087 1.29332e-16
6431.72562635 1.33796e-16
6433.24187183 1.36854e-16
6434.75811732 1.35538e-16
6436.2743628 1.30713e-16
6437.79060829 1.27071e-16
6439.30685377 1.25901e-16
6440.82309926 1.24537e-16
6442.33934474 1.23648e-16
6443.85559022 1.23029e-16
6445.37183571 1.20838e-16
6446.88808119 1.1639e-16
6448.40432668 1.14458e-16
6449.92057216 1.18538e-16
6451.43681765 1.21364e-16
6452.95306313 1.23106e-16
6454.46930861 1.28028e-16
6455.9855541 1.35889e-16
6457.50179958 1.37241e-16
6459.01804507 1.30377e-16
6460.53429055 1.24742e-16
6462.05053604 1.24023e-16
6463.56678152 1.22701e-16
6465.08302701 1.20336e-16
6466.59927249 1.20017e-16
6468.11551797 1.21347e-16
6469.63176346 1.20834e-16
6471.14800894 1.17552e-16
6472.66425443 1.18031e-16
6474.18049991 1.23669e-16
6475.6967454 1.29551e-16
6477.21299088 1.2884e-16
6478.72923636 1.22552e-16
6480.24548185 1.19516e-16
6481.76172733 1.22915e-16
6483.27797282 1.26512e-16
6484.7942183 1.26117e-16
6486.31046379 1.27955e-16
6487.82670927 1.29692e-16
6489.34295475 1.28918e-16
6490.85920024 1.27055e-16
6492.37544572 1.29903e-16
6493.89169121 1.35805e-16
6495.40793669 1.354e-16
6496.92418218 1.32424e-16
6498.44042766 1.32939e-16
6499.95667315 1.33652e-16
6501.47291863 1.30926e-16
6502.98916411 1.26496e-16
6504.5054096 1.25529e-16
6506.02165508 1.27738e-16
6507.53790057 1.28817e-16
6509.05414605 1.2974e-16
6510.57039154 1.31535e-16
6512.08663702 1.29086e-16
6513.6028825 1.24228e-16
6515.11912799 1.20212e-16
6516.63537347 1.22988e-16
6518.15161896 1.27227e-16
6519.66786444 1.26622e-16
6521.18410993 1.2247e-16
6522.70035541 1.18881e-16
6524.21660089 1.16572e-16
6525.73284638 1.17473e-16
6527.24909186 1.25581e-16
6528.76533735 1.37142e-16
6530.28158283 1.42831e-16
6531.79782832 1.4212e-16
6533.3140738 1.33724e-16
6534.83031929 1.21886e-16
6536.34656477 1.17816e-16
6537.86281025 1.18168e-16
6539.37905574 1.16999e-16
6540.89530122 1.11672e-16
6542.41154671 1.11212e-16
6543.92779219 1.21271e-16
6545.44403768 1.32262e-16
6546.96028316 1.35671e-16
6548.47652864 1.32636e-16
6549.99277413 1.27934e-16
6551.50901961 1.2734e-16
6553.0252651 1.30026e-16
6554.54151058 1.30827e-16
6556.05775607 1.31556e-16
6557.57400155 1.31689e-16
6559.09024704 1.27719e-16
6560.60649252 1.20166e-16
6562.122738 1.13251e-16
6563.63898349 1.09588e-16
6565.15522897 1.12631e-16
6566.67147446 1.22314e-16
6568.18771994 1.30613e-16
6569.70396543 1.34128e-16
6571.22021091 1.34341e-16
6572.73645639 1.35455e-16
6574.25270188 1.32379e-16
6575.76894736 1.26289e-16
6577.28519285 1.23304e-16
6578.80143833 1.23059e-16
6580.31768382 1.23154e-16
6581.8339293 1.29667e-16
6583.35017478 1.41462e-16
6584.86642027 1.47968e-16
6586.38266575 1.42402e-16
6587.89891124 1.34907e-16
6589.41515672 1.32508e-16
6590.93140221 1.31317e-16
6592.44764769 1.2839e-16
6593.96389318 1.24613e-16
6595.48013866 1.23054e-16
6596.99638414 1.22065e-16
6598.51262963 1.23357e-16
6600.02887511 1.24347e-16
6601.5451206 1.27192e-16
6603.06136608 1.28274e-16
6604.57761157 1.25288e-16
6606.09385705 1.22662e-16
6607.61010253 1.20651e-16
6609.12634802 1.16965e-16
6610.6425935 1.12382e-16
6612.15883899 1.12423e-16
6613.67508447 1.1866e-16
6615.19132996 1.23822e-16
6616.70757544 1.24483e-16
6618.22382092 1.1982e-16
6619.74006641 1.13514e-16
6621.25631189 1.12972e-16
6622.77255738 1.18008e-16
6624.28880286 1.23795e-16
6625.80504835 1.23215e-16
6627.32129383 1.21941e-16
6628.83753932 1.24595e-16
6630.3537848 1.254e-16
6631.87003028 1.21402e-16
6633.38627577 1.12933e-16
6634.90252125 1.08766e-16
6636.41876674 1.15368e-16
6637.93501222 1.22053e-16
6639.45125771 1.22255e-16
6640.96750319 1.17985e-16
6642.48374867 1.19436e-16
6643.99999416 1.22824e-16
6645.51623964 1.18594e-16
6647.03248513 1.1252e-16
6648.54873061 1.12172e-16
6650.0649761 1.19143e-16
6651.58122158 1.22564e-16
6653.09746706 1.22934e-16
6654.61371255 1.22284e-16
6656.12995803 1.19875e-16
6657.64620352 1.1947e-16
6659.162449 1.22882e-16
6660.67869449 1.29528e-16
6662.19493997 1.30856e-16
6663.71118546 1.28096e-16
6665.22743094 1.24692e-16
6666.74367642 1.24891e-16
6668.25992191 1.23423e-16
6669.77616739 1.23834e-16
6671.29241288 1.29324e-16
6672.80865836 1.33985e-16
6674.32490385 1.33902e-16
6675.84114933 1.26531e-16
6677.35739481 1.18344e-16
6678.8736403 1.12443e-16
6680.38988578 1.11002e-16
6681.90613127 1.14165e-16
6683.42237675 1.16104e-16
6684.93862224 1.15306e-16
6686.45486772 1.15206e-16
6687.9711132 1.18997e-16
6689.48735869 1.25429e-16
6691.00360417 1.25394e-16
6692.51984966 1.21676e-16
6694.03609514 1.16565e-16
6695.55234063 1.15874e-16
6697.06858611 1.19422e-16
6698.5848316 1.23128e-16
6700.10107708 1.2215e-16
6701.61732256 1.16312e-16
6703.13356805 1.14261e-16
6704.64981353 1.17769e-16
6706.16605902 1.20146e-16
6707.6823045 1.1512e-16
6709.19854999 1.12612e-16
6710.71479547 1.14941e-16
6712.23104095 1.18474e-16
6713.74728644 1.16262e-16
6715.26353192 1.14464e-16
6716.77977741 1.1464e-16
6718.29602289 1.16074e-16
6719.81226838 1.15477e-16
6721.32851386 1.15336e-16
6722.84475935 1.15581e-16
6724.36100483 1.14542e-16
6725.87725031 1.12414e-16
6727.3934958 1.12145e-16
6728.90974128 1.17536e-16
6730.42598677 1.24226e-16
6731.94223225 1.28705e-16
6733.45847774 1.26478e-16
6734.97472322 1.22247e-16
6736.4909687 1.20145e-16
6738.00721419 1.20169e-16
6739.52345967 1.18784e-16
6741.03970516 1.16116e-16
6742.55595064 1.16355e-16
6744.07219613 1.16509e-16
6745.58844161 1.12294e-16
6747.10468709 1.08397e-16
6748.62093258 1.10323e-16
6750.13717806 1.17634e-16
6751.65342355 1.25809e-16
6753.16966903 1.2824e-16
6754.68591452 1.2635e-16
6756.20216 1.2223e-16
6757.71840549 1.19141e-16
6759.23465097 1.18267e-16
6760.75089645 1.14812e-16
6762.26714194 1.13329e-16
6763.78338742 1.14243e-16
6765.29963291 1.17517e-16
6766.81587839 1.20323e-16
6768.33212388 1.21194e-16
6769.84836936 1.21082e-16
6771.36461484 1.22354e-16
6772.88086033 1.26298e-16
6774.39710581 1.27916e-16
6775.9133513 1.22741e-16
6777.42959678 1.1514e-16
6778.94584227 1.14737e-16
6780.46208775 1.24499e-16
6781.97833323 1.38765e-16
6783.49457872 1.48087e-16
6785.0108242 1.50226e-16
6786.52706969 1.4977e-16
6788.04331517 1.49542e-16
6789.55956066 1.56562e-16
6791.07580614 1.72395e-16
6792.59205163 2.0114e-16
6794.10829711 2.35859e-16
6795.62454259 2.64829e-16
6797.14078808 2.81555e-16
6798.65703356 2.88551e-16
6800.17327905 2.91453e-16
6801.68952453 2.86179e-16
6803.20577002 2.70987e-16
6804.7220155 2.48546e-16
6806.23826098 2.22832e-16
6807.75450647 1.96579e-16
6809.27075195 1.74672e-16
6810.78699744 1.64986e-16
6812.30324292 1.64723e-16
6813.81948841 1.69373e-16
6815.33573389 1.75465e-16
6816.85197937 1.81495e-16
6818.36822486 1.83258e-16
6819.88447034 1.79007e-16
6821.40071583 1.7699e-16
6822.91696131 1.79297e-16
6824.4332068 1.76451e-16
6825.94945228 1.64749e-16
6827.46569777 1.4961e-16
6828.98194325 1.41726e-16
6830.49818873 1.39376e-16
6832.01443422 1.3609e-16
6833.5306797 1.3021e-16
6835.04692519 1.21047e-16
6836.56317067 1.13991e-16
6838.07941616 1.10547e-16
6839.59566164 1.12186e-16
6841.11190712 1.14904e-16
6842.62815261 1.13489e-16
6844.14439809 1.06665e-16
6845.66064358 1.00225e-16
6847.17688906 9.91423e-17
6848.69313455 9.8492e-17
6850.20938003 9.6879e-17
6851.72562551 9.83348e-17
6853.241871 1.03144e-16
6854.75811648 1.04857e-16
6856.27436197 1.03642e-16
6857.79060745 1.07542e-16
6859.30685294 1.13793e-16
6860.82309842 1.16197e-16
6862.33934391 1.11069e-16
6863.85558939 1.00161e-16
6865.37183487 9.03978e-17
6866.88808036 8.87886e-17
6868.40432584 9.27491e-17
6869.92057133 9.4815e-17
6871.43681681 9.41862e-17
6872.9530623 9.69107e-17
6874.46930778 1.01552e-16
6875.98555326 1.00749e-16
6877.50179875 9.71564e-17
6879.01804423 9.64371e-17
6880.53428972 9.96845e-17
6882.0505352 1.01663e-16
6883.56678069 1.0314e-16
6885.08302617 1.08111e-16
6886.59927166 1.1335e-16
6888.11551714 1.13515e-16
6889.63176262 1.0801e-16
6891.14800811 1.02292e-16
6892.66425359 1.00896e-16
6894.18049908 1.00355e-16
6895.69674456 1.01027e-16
6897.21299005 1.04647e-16
6898.72923553 1.07208e-16
6900.24548101 1.0557e-16
6901.7617265 9.95472e-17
6903.27797198 9.47809e-17
6904.79421747 9.40854e-17
6906.31046295 9.63715e-17
6907.82670844 1.01822e-16
6909.34295392 1.06089e-16
6910.8591994 1.05468e-16
6912.37544489 1.02465e-16
6913.89169037 1.0233e-16
6915.40793586 1.05134e-16
6916.92418134 1.07618e-16
6918.44042683 1.09666e-16
6919.95667231 1.12595e-16
6921.4729178 1.16838e-16
6922.98916328 1.1922e-16
6924.50540876 1.18875e-16
6926.02165425 1.16222e-16
6927.53789973 1.12701e-16
6929.05414522 1.10355e-16
6930.5703907 1.11744e-16
6932.08663619 1.14177e-16
6933.60288167 1.17045e-16
6935.11912715 1.1977e-16
6936.63537264 1.17046e-16
6938.15161812 1.12125e-16
6939.66786361 1.05691e-16
6941.18410909 1.02923e-16
6942.70035458 1.04425e-16
6944.21660006 1.05012e-16
6945.73284554 1.06938e-16
6947.24909103 1.04503e-16
6948.76533651 1.05909e-16
6950.281582 1.14842e-16
6951.79782748 1.27749e-16
6953.31407297 1.36791e-16
6954.83031845 1.36953e-16
6956.34656394 1.3508e-16
6957.86280942 1.35374e-16
6959.3790549 1.38217e-16
6960.89530039 1.38687e-16
6962.41154587 1.34621e-16
6963.92779136 1.341e-16
6965.44403684 1.36099e-16
6966.96028233 1.37803e-16
6968.47652781 1.3474e-16
6969.99277329 1.35044e-16
6971.50901878 1.39934e-16
6973.02526426 1.44028e-16
6974.54150975 1.42051e-16
6976.05775523 1.35315e-16
6977.57400072 1.26047e-16
6979.0902462 1.17289e-16
6980.60649168 1.14706e-16
6982.12273717 1.18197e-16
6983.63898265 1.21485e-16
6985.15522814 1.1757e-16
6986.67147362 1.11997e-16
6988.18771911 1.10189e-16
6989.70396459 1.09654e-16
6991.22021008 1.06251e-16
6992.73645556 9.92892e-17
6994.25270104 9.41151e-17
6995.76894653 9.54761e-17
6997.28519201 9.95131e-17
6998.8014375 1.02261e-16
7000.31768298 1.01626e-16
7001.83392847 1.02961e-16
7003.35017395 1.09659e-16
7004.86641943 1.14339e-16
7006.38266492 1.14812e-16
7007.8989104 1.09353e-16
7009.41515589 1.06378e-16
7010.93140137 1.09359e-16
7012.44764686 1.13136e-16
7013.96389234 1.11804e-16
7015.48013783 1.05139e-16
7016.99638331 1.00238e-16
7018.51262879 9.96909e-17
7020.02887428 1.02757e-16
7021.54511976 1.06246e-16
7023.06136525 1.06198e-16
7024.57761073 1.04854e-16
7026.09385622 1.06154e-16
7027.6101017 1.11889e-16
7029.12634718 1.13674e-16
7030.64259267 1.10232e-16
7032.15883815 1.0447e-16
7033.67508364 1.02069e-16
7035.19132912 1.05077e-16
7036.70757461 1.0713e-16
7038.22382009 1.04486e-16
7039.74006557 9.8963e-17
7041.25631106 9.41912e-17
7042.77255654 9.21847e-17
7044.28880203 9.22474e-17
7045.80504751 9.66637e-17
7047.321293 1.02428e-16
7048.83753848 1.05069e-16
7050.35378397 1.03856e-16
7051.87002945 1.031e-16
7053.38627493 1.04082e-16
7054.90252042 1.04251e-16
7056.4187659 1.02905e-16
7057.93501139 1.03073e-16
7059.45125687 1.00886e-16
7060.96750236 9.66703e-17
7062.48374784 9.52496e-17
7063.99999332 9.81771e-17
7065.51623881 1.04276e-16
7067.03248429 1.05333e-16
7068.54872978 1.06355e-16
7070.06497526 1.08244e-16
7071.58122075 1.05892e-16
7073.09746623 1.00997e-16
7074.61371171 9.94156e-17
7076.1299572 1.00221e-16
7077.64620268 1.00321e-16
7079.16244817 9.92188e-17
7080.67869365 1.01018e-16
7082.19493914 1.06415e-16
7083.71118462 1.07309e-16
7085.22743011 1.06106e-16
7086.74367559 1.05916e-16
7088.25992107 1.06059e-16
7089.77616656 1.05536e-16
7091.29241204 1.04893e-16
7092.80865753 1.07473e-16
7094.32490301 1.09953e-16
7095.8411485 1.10482e-16
7097.35739398 1.09237e-16
7098.87363946 1.05548e-16
7100.38988495 1.0108e-16
7101.90613043 9.6431e-17
7103.42237592 9.4941e-17
7104.9386214 9.55925e-17
7106.45486689 9.7467e-17
7107.97111237 9.90155e-17
7109.48735785 9.61965e-17
7111.00360334 9.26031e-17
7112.51984882 9.17603e-17
7114.03609431 9.34453e-17
7115.55233979 9.54381e-17
7117.06858528 9.81024e-17
7118.58483076 1.01294e-16
7120.10107625 1.02601e-16
7121.61732173 1.01718e-16
7123.13356721 9.96335e-17
7124.6498127 9.79094e-17
7126.16605818 9.68135e-17
7127.68230367 9.90428e-17
7129.19854915 1.01624e-16
7130.71479464 1.01701e-16
7132.23104012 9.98475e-17
7133.7472856 9.55762e-17
7135.26353109 9.30042e-17
7136.77977657 9.48112e-17
7138.29602206 9.93599e-17
7139.81226754 1.03918e-16
7141.32851303 1.04243e-16
7142.84475851 1.06569e-16
7144.36100399 1.10384e-16
7145.87724948 1.10182e-16
7147.39349496 1.05639e-16
7148.90974045 1.00583e-16
7150.42598593 9.96996e-17
7151.94223142 1.0056e-16
7153.4584769 9.90607e-17
7154.97472239 9.86906e-17
7156.49096787 9.91724e-17
7158.00721335 9.92673e-17
7159.52345884 9.8206e-17
7161.03970432 9.92387e-17
7162.55594981 1.03401e-16
7164.07219529 1.01657e-16
7165.58844078 9.82816e-17
7167.10468626 9.62438e-17
7168.62093174 9.92948e-17
7170.13717723 1.02295e-16
7171.65342271 1.01863e-16
7173.1696682 1.0238e-16
7174.68591368 1.02638e-16
7176.20215917 1.01589e-16
7177.71840465 9.67124e-17
7179.23465014 8.89976e-17
7180.75089562 8.48815e-17
7182.2671411 8.69404e-17
7183.78338659 9.18279e-17
7185.29963207 9.47605e-17
7186.81587756 9.3324e-17
7188.33212304 8.86986e-17
7189.84836853 8.62209e-17
7191.36461401 8.84061e-17
7192.88085949 9.43524e-17
7194.39710498 9.78088e-17
7195.91335046 9.43608e-17
7197.42959595 8.90714e-17
7198.94584143 8.62448e-17
7200.46208692 8.82581e-17
7201.9783324 9.05061e-17
7203.49457788 9.19286e-17
7205.01082337 9.30409e-17
7206.52706885 9.40996e-17
7208.04331434 9.43886e-17
7209.55955982 9.20621e-17
7211.07580531 8.89017e-17
7212.59205079 8.72815e-17
7214.10829628 9.06597e-17
7215.62454176 9.81037e-17
7217.14078724 1.03362e-16
7218.65703273 1.04436e-16
7220.17327821 1.01658e-16
7221.6895237 9.91369e-17
7223.20576918 1.01015e-16
7224.72201467 1.04571e-16
7226.23826015 1.03963e-16
7227.75450563 9.96729e-17
7229.27075112 9.69205e-17
7230.7869966 9.76876e-17
7232.30324209 9.74432e-17
7233.81948757 9.47008e-17
7235.33573306 9.17939e-17
7236.85197854 9.07189e-17
7238.36822402 9.43377e-17
7239.88446951 9.8778e-17
7241.40071499 9.9806e-17
7242.91696048 9.71916e-17
7244.43320596 9.43221e-17
7245.94945145 9.31674e-17
7247.46569693 9.11395e-17
7248.98194242 8.89945e-17
7250.4981879 8.77155e-17
7252.01443338 8.68993e-17
7253.53067887 8.60584e-17
7255.04692435 8.8106e-17
7256.56316984 8.80921e-17
7258.07941532 8.42433e-17
7259.59566081 8.16173e-17
7261.11190629 8.53493e-17
7262.62815177 9.3703e-17
7264.14439726 9.82025e-17
7265.66064274 9.67693e-17
7267.17688823 9.42526e-17
7268.69313371 9.38042e-17
7270.2093792 9.45162e-17
7271.72562468 9.86937e-17
7273.24187016 1.04412e-16
7274.75811565 1.08632e-16
7276.27436113 1.05182e-16
7277.79060662 9.53471e-17
7279.3068521 9.0942e-17
7280.82309759 9.35321e-17
7282.33934307 9.77754e-17
7283.85558856 9.80632e-17
7285.37183404 9.45704e-17
7286.88807952 9.22201e-17
7288.40432501 8.89225e-17
7289.92057049 8.51055e-17
7291.43681598 8.42385e-17
7292.95306146 8.73672e-17
7294.46930695 9.24446e-17
7295.98555243 9.80004e-17
7297.50179791 1.02888e-16
7299.0180434 1.05739e-16
7300.53428888 1.02908e-16
7302.05053437 9.71204e-17
7303.56677985 9.62368e-17
7305.08302534 9.92431e-17
7306.59927082 1.01223e-16
7308.1155163 1.0143e-16
7309.63176179 1.02113e-16
7311.14800727 1.03372e-16
7312.66425276 1.02644e-16
7314.18049824 9.94458e-17
7315.69674373 9.72818e-17
7317.21298921 9.44422e-17
7318.7292347 9.05372e-17
7320.24548018 9.02945e-17
7321.76172566 9.38173e-17
7323.27797115 9.70146e-17
7324.79421663 9.63716e-17
7326.31046212 9.29996e-17
7327.8267076 9.26148e-17
7329.34295309 9.48016e-17
7330.85919857 9.58624e-17
7332.37544405 9.52201e-17
7333.89168954 9.25819e-17
7335.40793502 9.31678e-17
7336.92418051 9.47416e-17
7338.44042599 9.43577e-17
7339.95667148 9.53526e-17
7341.47291696 9.62928e-17
7342.98916245 9.68819e-17
7344.50540793 9.7091e-17
7346.02165341 9.64407e-17
7347.5378989 9.39696e-17
7349.05414438 8.83706e-17
7350.57038987 8.72578e-17
7352.08663535 9.07868e-17
7353.60288084 9.47042e-17
7355.11912632 9.33245e-17
7356.6353718 9.1507e-17
7358.15161729 9.13096e-17
7359.66786277 9.13355e-17
7361.18410826 9.17262e-17
7362.70035374 9.28233e-17
7364.21659923 9.43533e-17
7365.73284471 9.46206e-17
7367.24909019 9.5409e-17
7368.76533568 9.7632e-17
7370.28158116 9.9261e-17
7371.79782665 9.63503e-17
7373.31407213 9.2269e-17
7374.83031762 9.12972e-17
7376.3465631 9.52347e-17
7377.86280859 9.91382e-17
7379.37905407 9.91867e-17
7380.89529955 9.73968e-17
7382.41154504 9.46089e-17
7383.92779052 9.3735e-17
7385.44403601 9.14236e-17
7386.96028149 8.87573e-17
7388.47652698 8.92155e-17
7389.99277246 9.33169e-17
7391.50901794 1e-16
7393.02526343 1.03418e-16
7394.54150891 1.01153e-16
7396.0577544 9.94232e-17
7397.57399988 9.75089e-17
7399.09024537 9.44412e-17
7400.60649085 9.01778e-17
7402.12273633 8.78992e-17
7403.63898182 8.95572e-17
7405.1552273 9.15197e-17
7406.67147279 9.17735e-17
7408.18771827 8.86261e-17
7409.70396376 8.28918e-17
7411.22020924 7.98342e-17
7412.73645473 8.08998e-17
7414.25270021 8.40359e-17
7415.76894569 8.65219e-17
7417.28519118 8.98492e-17
7418.80143666 9.40164e-17
7420.31768215 9.48007e-17
7421.83392763 9.14196e-17
7423.35017312 8.92658e-17
7424.8664186 9.09245e-17
7426.38266408 9.30906e-17
7427.89890957 9.21809e-17
7429.41515505 8.76137e-17
7430.93140054 8.38596e-17
7432.44764602 8.41556e-17
7433.96389151 8.64561e-17
7435.48013699 9.01476e-17
7436.99638247 9.33817e-17
7438.51262796 9.39881e-17
7440.02887344 9.02365e-17
7441.54511893 8.41969e-17
7443.06136441 8.42714e-17
7444.5776099 9.12778e-17
7446.09385538 9.90015e-17
7447.61010087 1.01467e-16
7449.12634635 9.78508e-17
7450.64259183 9.36282e-17
7452.15883732 9.30977e-17
7453.6750828 9.54583e-17
7455.19132829 9.73998e-17
7456.70757377 1.00494e-16
7458.22381926 1.08846e-16
7459.74006474 1.16323e-16
7461.25631022 1.1651e-16
7462.77255571 1.11718e-16
7464.28880119 1.07193e-16
7465.80504668 1.03391e-16
7467.32129216 9.89998e-17
7468.83753765 9.4767e-17
7470.35378313 9.23564e-17
7471.87002861 9.25492e-17
7473.3862741 9.27172e-17
7474.90251958 8.96245e-17
7476.41876507 8.29873e-17
7477.93501055 7.87447e-17
7479.45125604 8.08223e-17
7480.96750152 8.26203e-17
7482.48374701 8.39472e-17
7483.99999249 8.67648e-17
7485.51623797 8.85593e-17
7487.03248346 8.82845e-17
7488.54872894 8.69462e-17
7490.06497443 8.96632e-17
7491.58121991 9.36723e-17
7493.0974654 9.58528e-17
7494.61371088 9.7071e-17
7496.12995636 9.75349e-17
7497.64620185 9.84665e-17
7499.16244733 9.98085e-17
7500.67869282 9.88983e-17
7502.1949383 9.53855e-17
7503.71118379 9.33313e-17
7505.22742927 9.57068e-17
7506.74367476 9.6963e-17
7508.25992024 9.2904e-17
7509.77616572 9.02308e-17
7511.29241121 9.61493e-17
7512.80865669 1.03607e-16
7514.32490218 1.01729e-16
7515.84114766 9.52173e-17
7517.35739315 9.2175e-17
7518.87363863 9.39958e-17
7520.38988411 9.77888e-17
7521.9061296 9.83965e-17
7523.42237508 9.712e-17
7524.93862057 9.54778e-17
7526.45486605 9.46371e-17
7527.97111154 9.51859e-17
7529.48735702 9.36625e-17
7531.0036025 9.16242e-17
7532.51984799 9.36887e-17
7534.03609347 9.51651e-17
7535.55233896 9.62269e-17
7537.06858444 9.6925e-17
7538.58482993 9.92708e-17
7540.10107541 1.02184e-16
7541.6173209 1.00716e-16
7543.13356638 9.66689e-17
7544.64981186 9.46833e-17
7546.16605735 9.47118e-17
7547.68230283 9.5419e-17
7549.19854832 9.62098e-17
7550.7147938 9.92804e-17
7552.23103929 1.02096e-16
7553.74728477 1.02005e-16
7555.26353025 9.93279e-17
7556.77977574 9.61058e-17
7558.29602122 9.36331e-17
7559.81226671 9.28238e-17
7561.32851219 9.32578e-17
7562.84475768 9.51312e-17
7564.36100316 9.68771e-17
7565.87724864 9.60198e-17
7567.39349413 9.46784e-17
7568.90973961 9.25767e-17
7570.4259851 9.28435e-17
7571.94223058 9.40877e-17
7573.45847607 9.39721e-17
7574.97472155 9.59087e-17
7576.49096704 9.7758e-17
7578.00721252 9.77921e-17
7579.523458 9.46214e-17
7581.03970349 9.29776e-17
7582.55594897 9.46393e-17
7584.07219446 9.52082e-17
7585.58843994 9.74224e-17
7587.10468543 1.02768e-16
7588.62093091 1.05034e-16
7590.13717639 1.01589e-16
7591.65342188 9.39025e-17
7593.16966736 8.88299e-17
7594.68591285 8.68307e-17
7596.20215833 8.23978e-17
7597.71840382 7.46246e-17
7599.2346493 6.4695e-17
7600.75089478 5.55947e-17
7602.26714027 4.95891e-17
7603.78338575 4.46978e-17
7605.29963124 4.15239e-17
7606.81587672 3.91532e-17
7608.33212221 3.94328e-17
7609.84836769 4.43455e-17
7611.36461318 5.0896e-17
7612.88085866 5.47345e-17
7614.39710414 5.63595e-17
7615.91334963 5.9627e-17
7617.42959511 6.25247e-17
7618.9458406 6.2983e-17
7620.46208608 6.48954e-17
7621.97833157 6.81239e-17
7623.49457705 7.06925e-17
7625.01082253 6.91839e-17
7626.52706802 6.51785e-17
7628.0433135 6.14242e-17
7629.55955899 6.02479e-17
7631.07580447 6.24637e-17
7632.59204996 6.31093e-17
7634.10829544 6.03125e-17
7635.62454093 5.51939e-17
7637.14078641 5.01128e-17
7638.65703189 5.26051e-17
7640.17327738 6.16096e-17
7641.68952286 7.13187e-17
7643.20576835 7.3651e-17
7644.72201383 6.94124e-17
7646.23825932 7.05078e-17
7647.7545048 7.33218e-17
7649.27075028 7.61088e-17
7650.78699577 7.73405e-17
7652.30324125 7.92787e-17
7653.81948674 8.21566e-17
7655.33573222 8.31369e-17
7656.85197771 8.32079e-17
7658.36822319 8.57683e-17
7659.88446867 8.90495e-17
7661.40071416 9.16926e-17
7662.91695964 9.31446e-17
7664.43320513 9.33095e-17
7665.94945061 9.18491e-17
7667.4656961 8.83611e-17
7668.98194158 8.64479e-17
7670.49818707 8.92071e-17
7672.01443255 9.35646e-17
7673.53067803 9.51564e-17
7675.04692352 9.19486e-17
7676.563169 8.64199e-17
7678.07941449 8.34151e-17
7679.59565997 8.67603e-17
7681.11190546 9.01673e-17
7682.62815094 9.02107e-17
7684.14439642 8.94803e-17
7685.66064191 9.10007e-17
7687.17688739 9.57025e-17
7688.69313288 9.66271e-17
7690.20937836 9.59321e-17
7691.72562385 9.49022e-17
7693.24186933 9.38611e-17
7694.75811481 9.35088e-17
7696.2743603 9.38492e-17
7697.79060578 9.48717e-17
7699.30685127 9.47751e-17
7700.82309675 9.47065e-17
7702.33934224 9.71499e-17
7703.85558772 9.65287e-17
7705.37183321 9.25302e-17
7706.88807869 9.02746e-17
7708.40432417 9.48121e-17
7709.92056966 1.03665e-16
7711.43681514 1.10059e-16
7712.95306063 1.13263e-16
7714.46930611 1.10487e-16
7715.9855516 1.00778e-16
7717.50179708 9.07323e-17
7719.01804256 8.27875e-17
7720.53428805 7.90552e-17
7722.05053353 7.74449e-17
7723.56677902 7.71158e-17
7725.0830245 8.1028e-17
7726.59926999 8.52058e-17
7728.11551547 8.94411e-17
7729.63176095 9.28188e-17
7731.14800644 9.79437e-17
7732.66425192 1.05844e-16
7734.18049741 1.12768e-16
7735.69674289 1.15703e-16
7737.21298838 1.15157e-16
7738.72923386 1.12914e-16
7740.24547935 1.10145e-16
7741.76172483 1.0902e-16
7743.27797031 1.12199e-16
7744.7942158 1.17981e-16
7746.31046128 1.24304e-16
7747.82670677 1.25484e-16
7749.34295225 1.21692e-16
7750.85919774 1.17496e-16
7752.37544322 1.12645e-16
7753.8916887 1.09404e-16
7755.40793419 1.06132e-16
7756.92417967 1.04197e-16
7758.44042516 1.03166e-16
7759.95667064 1.04562e-16
7761.47291613 1.06092e-16
7762.98916161 1.07895e-16
7764.50540709 1.11397e-16
7766.02165258 1.1365e-16
7767.53789806 1.14337e-16
7769.05414355 1.13541e-16
7770.57038903 1.15809e-16
7772.08663452 1.1623e-16
7773.60288 1.11602e-16
7775.11912549 1.05338e-16
7776.63537097 1.036e-16
7778.15161645 1.07112e-16
7779.66786194 1.09294e-16
7781.18410742 1.09828e-16
7782.70035291 1.10719e-16
7784.21659839 1.12002e-16
7785.73284388 1.12327e-16
7787.24908936 1.1162e-16
7788.76533484 1.13996e-16
7790.28158033 1.20552e-16
7791.79782581 1.24858e-16
7793.3140713 1.27714e-16
7794.83031678 1.29282e-16
7796.34656227 1.30899e-16
7797.86280775 1.31598e-16
7799.37905324 1.3036e-16
7800.89529872 1.26151e-16
7802.4115442 1.21365e-16
7803.92778969 1.19428e-16
7805.44403517 1.18526e-16
7806.96028066 1.1749e-16
7808.47652614 1.15981e-16
7809.99277163 1.14846e-16
7811.50901711 1.13145e-16
7813.02526259 1.1098e-16
7814.54150808 1.09363e-16
7816.05775356 1.08978e-16
7817.57399905 1.08963e-16
7819.09024453 1.09409e-16
7820.60649002 1.09913e-16
7822.1227355 1.04391e-16
7823.63898098 9.29594e-17
7825.15522647 7.98343e-17
7826.67147195 6.7246e-17
7828.18771744 5.83796e-17
7829.70396292 5.3905e-17
7831.22020841 5.65354e-17
7832.73645389 6.25881e-17
7834.25269938 6.52605e-17
7835.76894486 6.32662e-17
7837.28519034 6.09358e-17
7838.80143583 5.96872e-17
7840.31768131 5.85487e-17
7841.8339268 5.78141e-17
7843.35017228 5.92532e-17
7844.86641777 6.31201e-17
7846.38266325 6.37404e-17
7847.89890873 6.17568e-17
7849.41515422 6.12765e-17
7850.9313997 6.10489e-17
7852.44764519 5.86841e-17
7853.96389067 5.24886e-17
7855.48013616 4.84785e-17
7856.99638164 5.36739e-17
7858.51262712 6.22622e-17
7860.02887261 6.43446e-17
7861.54511809 5.44729e-17
7863.06136358 4.24254e-17
7864.57760906 3.82264e-17
7866.09385455 3.61431e-17
7867.61010003 3.54559e-17
7869.12634552 3.78022e-17
7870.642591 4.40994e-17
7872.15883648 4.61284e-17
7873.67508197 4.16976e-17
7875.19132745 3.6244e-17
7876.70757294 3.14228e-17
7878.22381842 2.6685e-17
7879.74006391 2.35472e-17
7881.25630939 2.37869e-17
7882.77255487 2.31651e-17
7884.28880036 1.9689e-17
7885.80504584 1.58279e-17
7887.32129133 1.58682e-17
7888.83753681 1.78726e-17
7890.3537823 1.84703e-17
7891.87002778 2.16205e-17
7893.38627326 2.48325e-17
7894.90251875 2.52408e-17
7896.41876423 2.25483e-17
7897.93500972 1.74548e-17
7899.4512552 1.37996e-17
7900.96750069 1.37996e-17
